3000
13140 13889 12
12291 7195 69
8566 4230 42
2896 160 90
3393 5605 2
11795 3021 53
11261 11805 79
10365 2959 53
842 2896 13
641 10817 2
9569 2896 77
5124 2896 77
2673 4857 54
10021 11915 1
8562 7717 77
13958 8464 23
2877 5461 2
8674 2964 54
7854 3649 28
13464 11270 54
9801 12520 13
6567 5534 58
2507 7666 42
11095 4693 55
10186 8227 54
4285 5783 24
5310 13594 54
5495 7666 8
12508 9745 77
5260 13621 52
5472 7825 56
4892 2528 52
12409 13494 69
761 761 82
14103 4139 23
9469 12683 2
10896 11421 39
4975 12562 40
971 9397 44
2149 12683 2
13249 3617 2
8926 115 30
6569 12291 54
8421 6470 75
6493 11014 53
14337 204 42
13438 622 36
8754 8227 54
7083 4056 81
6653 2896 77
7034 4230 8
6898 11379 31
4065 801 90
7751 10213 30
8512 1932 84
4025 5589 63
484 95 53
2932 14319 79
13071 10377 13
10735 10735 87
13567 6250 53
2759 13016 22
150 4185 53
2077 7926 53
11928 11071 77
54 2563 28
3012 6099 50
7751 10168 30
7937 2896 55
8038 1267 2
8883 4310 44
13468 5705 90
5107 8259 2
5165 5114 54
1540 10948 66
2896 5448 20
13237 13237 87
7473 11071 55
640 7666 42
13491 3649 28
10380 12059 53
9490 3838 54
12449 14366 54
6476 1959 80
4804 124 66
5357 12567 23
4850 10377 13
2647 11071 55
6812 284 31
13915 12291 54
12471 13357 2
14240 230 73
10123 12271 14
12274 3649 28
322 6419 53
7426 2503 90
9010 2896 77
1097 3649 28
1873 5504 1
6906 6625 50
2077 6893 53
12865 10220 70
10696 10540 69
3347 2896 77
8066 643 90
14379 3747 11
13390 5589 63
9293 10377 13
9401 1135 81
1490 821 66
3714 13248 29
4008 1865 23
6846 6561 61
7157 2896 55
781 3649 28
8234 1791 30
7415 738 66
2504 4536 90
684 1651 86
7858 12816 50
1651 14229 73
13695 8014 2
9959 5574 35
13091 7000 54
1848 10301 69
13234 13671 50
944 2228 85
9738 7587 53
786 7808 90
6523 7738 16
3069 6859 29
8988 4693 77
1030 3617 2
3405 9383 53
13647 10039 90
12206 7666 8
13038 9236 59
6465 2125 81
12225 8692 85
4272 2896 55
390 8227 54
40 8969 7
8205 8682 39
12820 14316 77
9597 5959 2
11442 1651 86
5357 7190 23
9708 7982 2
3562 3963 85
5332 12683 2
575 10261 2
8550 10239 73
1429 1020 53
11020 2563 28
13900 2896 55
6577 5386 53
9461 1442 13
4521 7016 54
698 11913 69
3626 2896 77
5735 8169 79
8989 5481 2
8166 2860 86
1805 10774 50
11194 1874 2
14269 14 15
2371 7666 42
3517 2681 42
7177 8455 81
3421 12284 90
5738 1874 2
7553 13282 53
1890 839 50
2660 7666 42
8359 8533 23
12766 2964 54
7449 1791 30
12715 2563 28
5470 9397 27
6155 4918 14
12 12 82
11965 5481 2
3813 10141 13
10212 2241 31
4083 2198 53
5704 8821 86
1026 10748 50
11909 10420 2
10807 2563 28
5792 11071 91
1245 2896 55
10072 593 24
8802 13731 90
3951 10131 81
14298 8802 77
10897 9072 2
3136 10323 66
4227 11071 17
6719 680 89
10325 7666 42
11306 139 27
3306 5355 77
12291 3770 69
6185 3716 13
853 13947 79
5521 1631 13
14536 11720 90
2462 1190 79
11071 828 90
2896 1450 20
2981 1498 55
5507 3661 54
12976 8227 54
7531 12209 90
2974 2896 55
2896 1693 20
7010 5485 23
1150 4230 42
8174 9072 2
3780 2285 57
7717 3946 90
8208 13692 2
1827 8227 54
6017 7016 54
7843 10261 2
9568 1813 13
12606 3649 28
7078 5461 2
6883 1765 53
14220 403 2
4415 2544 89
4160 13281 54
139 9384 90
36 2896 55
11071 1614 90
6493 1447 53
10105 2504 77
3041 12313 81
4404 7666 42
11943 2002 90
5568 10261 2
6770 4918 14
2976 2976 21
2428 7666 11
4834 6928 81
5703 3747 42
4986 9072 2
7287 10252 24
13783 9505 66
4800 324 7
747 12291 54
11071 5792 90
11780 11071 55
13774 10315 60
156 7040 15
5464 13582 54
12449 9236 59
11072 10261 2
12292 3881 69
3485 9236 59
12077 12077 87
2865 10233 1
444 798 2
8046 13791 23
5029 13639 31
997 5481 2
6623 7431 69
5880 10456 53
11146 2896 64
8196 7279 53
3219 11118 81
12237 8040 2
5462 2328 79
5153 8333 86
12831 3649 28
12031 4230 42
713 2896 55
12364 10975 58
1334 8773 2
4908 2896 55
2982 6404 22
9509 13221 54
14196 7016 54
13667 13253 38
13767 10948 66
4118 6623 77
13440 1079 1
3096 7741 23
1775 10232 1
474 139 27
4008 10899 23
5448 11954 90
3035 11071 55
1624 12271 40
5695 3617 2
6452 9876 90
14442 2896 55
4867 10194 66
4277 12361 32
9598 403 2
11868 10541 31
5312 6961 90
11071 13275 90
14140 12683 2
8872 12092 79
600 5349 54
10043 9397 27
11605 13955 53
8704 9745 51
11005 10865 53
13721 4524 44
6282 5481 2
11052 7789 90
11286 10323 66
11934 5481 2
12976 8792 50
10342 6987 2
8080 1498 55
12631 1992 90
14465 3649 28
10326 8728 90
6342 12151 56
12292 9045 69
12479 1651 13
7268 13574 54
9306 3649 28
2896 8417 90
11006 10948 66
12397 2964 54
3661 8621 69
9441 10187 81
6859 11270 54
5297 3747 42
12180 6248 23
5763 3482 0
1150 1848 54
11139 403 2
7000 8687 69
2773 6129 35
13666 13666 21
13315 7400 79
7565 13385 70
13769 10917 86
4594 5481 2
11020 12683 2
10896 1261 68
14122 9594 69
487 812 13
9950 8393 23
9633 3747 11
12066 5766 12
10826 2896 77
4486 4784 53
6888 10817 2
5771 8773 2
10117 10678 2
1736 517 79
2295 7788 53
5511 13077 31
2240 5062 15
10460 3094 90
4361 1733 39
8196 12428 53
10535 3371 23
5019 7666 11
14230 13892 13
10379 10379 21
7892 9943 22
5887 9072 2
3808 1267 2
47 11071 55
1061 2255 13
6696 5564 90
484 1095 53
1577 2934 69
2685 5461 2
6608 13144 13
12292 7144 69
337 4556 53
12855 4483 31
4240 2298 30
4434 11270 54
4049 2896 55
10188 13243 54
14382 3649 28
5205 9942 53
1831 12271 14
165 7666 42
10767 4230 42
9463 8583 50
13345 9529 38
13365 3649 28
7177 3333 81
11331 6623 92
14004 2896 77
3838 4327 69
14238 10917 13
11071 1374 69
12689 3649 28
14320 4595 50
2504 13538 20
2205 935 55
14246 7788 31
9422 6460 66
13920 11350 79
13121 5244 42
3971 10678 2
4720 1498 55
2896 8313 90
12849 3889 31
1498 4846 20
665 10666 86
12292 2064 69
4842 3649 28
2937 4071 77
12147 3649 28
13556 3649 28
11909 7293 2
253 4906 9
1139 1791 67
14496 6578 79
422 12412 31
4327 3838 54
11652 6312 53
9715 14294 22
14126 6176 2
11934 10261 2
5283 9072 2
7801 4618 58
10914 1498 55
3705 1979 79
6094 10678 2
13188 8098 69
9947 3649 28
6454 11943 27
4736 7197 31
14508 9236 59
9741 1133 85
4857 14508 69
14395 8986 32
9999 9670 2
14287 8227 54
9234 12271 40
7177 11998 81
269 5114 54
12974 10678 2
14386 10817 2
1539 599 85
4442 13535 32
6224 1651 13
10410 12683 2
220 220 87
14287 6992 85
14246 14341 31
2528 13485 53
12179 12291 54
12830 3780 77
10623 6110 53
13012 7370 33
9019 9236 59
9142 6604 41
2503 2503 82
10382 2860 86
9065 2896 55
3399 2729 53
9461 7666 11
7804 10247 85
11777 12403 90
3204 8730 2
2504 822 90
1128 11123 50
4400 8809 50
5356 11071 77
6038 466 90
3467 10995 26
2871 13594 54
1827 124 66
8177 10678 2
12134 2370 69
2649 2283 24
6654 3747 42
5843 2563 28
1856 11385 53
7209 11377 86
4603 7935 42
14389 4308 18
6549 3573 54
3007 1220 81
2609 1651 1
6900 2896 19
1471 1474 26
9272 4456 31
10892 9257 54
4880 5598 53
1969 2563 28
12356 9178 86
6478 935 51
1627 1848 54
10385 12662 50
7791 10475 76
3741 7666 11
11910 7321 86
593 1739 22
3804 12683 2
5908 9213 66
6698 2960 79
9508 8435 85
8155 8155 21
10100 9305 90
13920 3731 79
7619 13772 30
5050 5133 90
1810 2896 77
2929 2896 55
3473 9943 22
4859 421 29
2717 2325 85
6842 8005 90
12346 2564 2
901 4969 53
13960 3649 28
14188 551 38
11161 5589 63
6315 2679 4
6806 2563 28
5336 3617 2
6058 10181 43
1840 1267 2
10794 2896 17
8886 7982 2
1694 3649 28
8801 803 22
12708 4735 54
1848 9899 69
5128 5187 55
4688 1498 55
1957 2298 67
11948 551 38
10789 3649 28
12063 1036 53
5222 3685 86
12292 8763 69
13943 5949 23
7010 3648 23
3090 7282 30
11007 2964 54
8704 10518 67
3012 7787 54
1663 2896 55
14168 505 41
9230 3617 2
11082 9888 23
4842 5735 79
7943 5481 2
3055 9388 69
8046 14254 23
7321 2979 83
11065 3617 2
4857 3206 69
13379 4053 23
6481 3649 28
3762 11426 52
8591 2896 77
11356 2896 77
9461 3649 28
289 4857 54
5268 2564 2
9497 8634 53
4041 10420 2
12642 2896 55
10724 2563 28
12134 5558 69
3410 4256 13
7417 13264 38
12325 11760 1
1233 8565 30
12292 9452 69
216 7787 54
1736 3617 2
8512 4071 84
9745 1709 20
6634 9871 42
7595 12291 54
7543 12409 54
2227 5589 63
3461 4250 66
7864 4595 85
9491 7000 54
12841 5481 2
2896 9420 90
6194 11014 31
3904 9257 54
5753 935 55
300 13392 13
11994 13928 52
2896 14216 90
9717 1874 2
6796 5461 2
13870 2544 85
14444 534 38
1498 9164 90
11273 9505 66
1848 10693 69
11791 3649 28
12789 7000 54
10743 10261 2
1957 935 51
12813 3852 90
11526 1660 90
6980 2896 91
8196 11671 53
2458 3649 28
1604 3649 28
1364 935 55
699 6469 79
7985 8715 52
7595 10323 66
10638 3019 45
9307 9307 21
2030 2897 13
9959 9257 35
8938 2896 55
13573 2896 55
5366 5366 87
7049 5481 2
12314 11071 55
3917 1267 2
1882 12413 50
9188 2065 27
3128 5766 12
10385 14016 76
4895 3617 2
1425 11014 31
9421 10159 13
2171 9943 22
691 7666 42
2255 2255 82
1406 5063 53
14103 2644 23
4900 534 38
8636 2896 77
5613 8586 16
10766 14020 81
1710 9943 22
6042 11656 66
7251 7125 90
4532 13024 15
8038 10837 29
58 803 22
9722 2566 27
9430 1848 54
8046 2290 23
12027 8227 35
5637 4517 53
2544 12314 79
12291 5594 69
2896 7215 90
12291 9427 69
5771 10817 2
11349 2025 86
8445 4941 71
4693 4993 69
9804 1498 55
12320 13259 6
1736 10643 48
1140 3562 69
8486 2300 16
11801 8828 53
11962 14 15
1333 9943 22
9596 324 23
9969 6751 14
11023 3188 90
8783 3747 42
7214 5636 15
13321 2896 77
356 12291 54
376 9667 50
7920 5481 2
13438 112 36
5920 2077 52
5210 3649 28
4203 4030 31
12986 10420 2
14107 4282 53
2561 9277 61
13141 3616 69
12904 5481 2
4823 3649 28
13044 5 31
3179 6127 42
13447 6821 51
12784 9943 22
1212 2896 55
10512 2810 66
11040 7000 54
5894 9943 22
1915 10261 2
2112 5443 27
5600 2896 19
662 2228 85
7024 2896 19
6088 8870 54
12391 3355 40
4008 10806 23
14343 7425 26
2306 9252 53
9651 3424 66
2960 2583 79
1769 3617 2
2223 3649 28
5583 3121 66
12738 7497 79
5357 5268 23
14327 1670 2
7570 6708 30
9271 10233 1
4065 2896 3
1407 6405 90
862 1884 56
581 1670 2
8712 11218 15
13862 216 39
2947 2563 28
3658 9681 14
6393 7666 11
1863 7561 58
12994 5771 53
7209 317 7
2452 2504 55
582 9871 42
4974 7666 42
3175 2896 55
3517 12291 54
12789 7935 42
11017 11071 55
13928 7646 53
6450 13281 54
12510 12137 39
12225 12291 54
13825 7666 42
7585 1651 13
2077 7607 53
5357 4016 23
11096 3649 28
8046 2193 23
13684 2537 90
9866 11270 54
2398 8262 7
10685 3979 90
12517 8227 35
7785 10888 13
9553 10678 2
12125 2896 55
7177 2838 81
5637 10456 53
13185 1793 76
13377 14175 32
3560 12291 54
5357 10456 23
9306 935 13
3349 551 38
9832 6604 78
52 2896 55
5363 13799 90
5379 4700 85
14326 13820 41
11956 2896 55
3247 3649 28
44 10233 0
11022 7666 42
4486 12841 53
6468 1651 13
3779 7666 42
7210 2563 28
14246 9055 31
2821 5481 2
1421 10301 29
8797 5244 42
6078 11824 1
2528 4222 53
900 1309 54
7962 3355 40
13879 10261 2
6936 7787 54
8333 10505 90
11190 2178 54
13939 3198 13
7177 5234 81
3533 8643 50
6670 3507 39
2640 5481 2
4432 7586 24
12544 12991 79
12409 247 69
9170 10678 2
7097 6893 53
5321 6655 89
9401 6031 81
10807 2896 55
7177 59 81
922 10349 81
1703 11656 66
7458 11561 88
7314 11913 29
4136 12059 53
9723 4105 86
12156 8227 54
7097 14151 53
3686 12291 54
10600 403 2
6130 7666 42
9146 12859 69
4239 86 22
8166 2896 77
6186 7100 14
662 8190 86
2080 13754 30
11423 8715 52
8846 9943 22
12661 208 34
7597 2674 54
6756 4310 44
5357 1788 23
8234 6573 30
12225 9618 50
10679 2896 55
4293 11071 55
10077 8089 23
9755 3617 2
6484 4918 40
3317 2896 77
4236 1267 2
1539 3307 86
1838 1046 72
900 5042 61
6713 9472 32
7583 4092 48
8396 3547 37
2545 1874 2
3829 3188 90
7618 5481 2
3061 8619 79
5821 7666 88
10014 12271 14
4601 13253 38
11297 14366 54
1938 4693 77
11652 10011 53
98 12823 73
11081 8528 53
10319 4941 71
3316 1888 69
1200 7798 50
1190 7323 2
10485 9270 53
6522 2964 54
10428 2896 55
5560 12292 54
10454 9670 2
4085 13024 15
9755 9072 2
10536 10536 87
7348 6112 90
6623 10382 69
5236 2896 55
2842 12683 2
3624 3649 28
9606 9555 45
2681 9745 36
3392 13113 24
6858 4677 33
4047 7293 2
2918 8227 54
6361 3649 28
14182 3649 28
10666 12490 73
4834 8872 81
8767 10755 27
2270 2563 28
13100 1743 90
1236 5481 2
11349 11150 43
1890 105 86
12134 7567 69
2896 650 20
12323 12291 54
11797 1651 86
4770 9236 59
4254 2896 77
3336 5114 35
12065 5244 42
7222 7114 51
9460 13281 54
8196 7389 53
11519 10420 2
1676 5481 2
4060 3617 2
10977 9120 31
12121 10221 13
3846 12291 54
2462 1267 2
2896 3101 90
2330 12683 2
13825 11071 77
2896 9381 90
1957 7664 51
11756 5481 2
6991 6991 21
7717 3791 90
6282 2896 13
1848 4771 69
7308 5481 2
7169 4092 48
5322 12291 54
12315 5481 2
7507 8107 52
4885 7666 42
12322 3649 28
10333 2896 77
8411 12562 40
13052 935 55
9514 3617 2
8168 116 53
3399 8107 52
14246 13441 31
7383 5636 15
10955 9203 57
7717 3440 90
4614 7293 2
6884 551 38
3908 365 66
6543 2896 55
10271 12292 54
2896 11531 90
4339 1843 13
1764 6623 55
12032 2563 28
12732 8077 13
5670 9587 42
4625 1719 2
8198 5481 2
7487 9236 59
7089 6344 24
10350 10350 82
9070 12291 54
5624 4857 54
5862 13394 79
6364 12715 53
7858 2896 77
8046 641 23
9339 4048 15
2896 8301 90
8027 2504 55
3062 10377 86
7560 13024 15
7118 9257 54
8300 3649 28
6118 2504 77
13367 6607 66
1498 195 90
7458 5861 81
8196 970 53
1940 12991 79
516 9884 29
600 2433 89
6731 2896 17
14508 11071 77
6364 8527 53
13093 7666 8
13682 4497 3
2242 3649 28
9099 9099 82
2306 4556 53
12774 932 31
6117 4931 31
5334 6129 35
12004 6498 54
2114 2010 50
1310 4105 66
8489 2504 77
12450 803 22
5488 10917 90
12528 3617 2
13787 2178 54
10034 8190 27
8800 10208 53
6999 7666 8
2911 12291 54
13228 5481 2
6845 738 66
330 10648 54
1848 10400 69
8196 12957 53
4626 5959 2
1135 7293 2
1314 6610 90
10537 12271 14
12952 8336 54
11637 11167 31
13500 551 38
3007 8677 81
3760 2896 77
11411 11399 13
4771 1079 86
9581 3649 28
12278 4879 85
2896 12906 20
9095 11071 55
10644 803 22
10471 1079 86
6202 7717 55
794 12291 54
12256 2321 81
4827 2896 77
8168 9173 53
12361 1417 29
662 11511 54
6038 7114 84
5816 3649 28
9549 10662 2
13593 403 2
754 2563 28
1406 254 53
12188 3649 28
12321 8381 55
12291 5351 69
10468 2563 28
322 8854 53
11817 6250 79
140 197 79
4712 2194 32
9067 8524 90
654 1079 13
9947 10233 13
11547 11547 21
651 3996 24
9401 10086 81
154 4250 66
9698 2896 55
7792 2896 77
140 2969 79
3614 10261 2
14402 3649 28
4795 9236 59
1228 11900 79
1137 404 32
13808 13253 38
12708 2178 54
4261 6485 24
10732 8773 2
10141 9397 27
599 9460 29
6733 3649 28
9144 7666 42
1119 13024 15
6797 9072 2
14070 14070 87
8196 7587 53
12998 5481 2
12820 2178 54
8417 1087 37
14131 7666 42
2450 6127 42
176 2573 2
5281 1309 54
12077 14 15
1049 11505 13
5443 1207 90
9856 98 80
8605 2896 55
9100 2896 55
7707 10261 2
2080 8565 30
3382 9670 2
14449 12271 40
13192 2896 44
7440 10678 2
7097 5019 53
3661 4368 69
501 14391 32
6181 170 85
3918 13717 90
8945 12971 30
5436 10213 63
4338 7301 7
2403 2896 77
9387 1267 2
770 4330 48
8156 505 41
7140 10678 2
3404 5481 2
6401 11610 42
5357 848 23
13920 11805 79
8172 1024 39
3109 9864 50
7132 14366 54
7649 14366 54
5170 5170 82
11159 7666 65
2358 13281 54
6194 12471 31
13716 5481 2
7287 9123 24
3507 2896 77
11929 12683 2
7427 4015 31
12134 12909 69
12051 3649 28
5302 13682 1
1917 8227 54
1407 6298 90
12134 12936 69
1853 9682 30
6431 11395 85
9598 5481 2
7347 8766 73
12994 11017 53
1665 9505 66
8886 4648 55
7855 2697 90
8786 2896 55
9596 7204 23
9762 7666 42
2313 12291 54
10755 6060 5
4645 803 22
8583 6013 29
2528 8992 53
13368 3176 50
3392 1056 24
11888 10261 2
440 5425 40
3603 2896 55
4834 6582 81
3050 5481 2
8572 4310 44
8168 6619 53
14304 2086 4
3589 935 77
9731 3649 28
4008 7202 23
12315 3649 28
11338 2896 77
13281 4043 69
8046 9470 23
12033 124 66
9603 3649 28
10029 2896 91
12614 12905 42
10318 2298 67
7565 13394 79
10597 11071 55
4435 8227 54
6282 10678 2
12331 2896 77
11316 1874 2
7993 10261 2
8831 9745 55
10497 5481 2
861 5023 50
7073 8079 7
1577 571 69
11745 7666 8
6644 1400 22
1425 4954 31
1070 11472 7
5538 7666 11
10739 2887 2
13802 9072 2
12930 8870 35
8196 3862 53
11546 5019 24
13732 7666 42
330 8082 50
4226 3649 28
4240 108 67
11197 2563 28
9401 13128 81
9597 9072 2
4586 11954 13
2752 14150 90
10755 12425 90
10837 2964 54
1425 9359 31
14131 4857 54
4400 170 85
1248 115 30
4261 1223 24
12561 10948 66
14226 5959 2
3187 7666 42
14328 8082 50
8761 11071 55
7973 3649 28
2934 1848 35
9133 8773 2
10064 5481 2
1178 2404 53
3771 2964 54
5637 1198 53
6896 13169 15
5255 2896 55
9141 468 2
8707 7804 29
9191 12683 2
11436 3617 2
7207 10159 1
7734 11699 53
14175 2563 28
13103 6623 55
2058 2837 69
8107 7690 53
8618 9670 2
2231 4794 12
8121 1874 2
2896 13980 90
11293 12322 66
13093 6129 35
13817 13582 54
9633 12187 2
4699 2896 55
7397 3649 28
6194 10658 31
13857 12291 54
10141 6924 16
2192 7666 42
5343 3512 31
8610 11805 79
10859 8300 79
3614 2896 55
2896 4313 20
1395 2896 77
9961 8730 2
10769 7293 2
12661 5481 2
1664 3649 28
4106 2810 66
322 13499 53
3929 13729 25
3009 12291 54
642 5349 54
2791 12291 54
2896 4612 90
9456 5481 2
4741 4741 82
7853 65 50
7346 1227 89
12291 12640 69
2104 3838 54
6623 13924 90
11652 7607 53
13839 3649 28
2212 7666 42
3802 4769 31
10954 13471 67
1428 10678 2
4593 12292 75
1848 4844 69
6378 14316 91
7621 11071 55
14386 9072 2
13191 1874 2
10826 6416 43
1037 11394 72
11691 13754 67
4857 8804 69
1358 9705 68
2896 5366 90
8427 9644 53
3402 5905 79
9401 3983 81
12249 493 23
3564 6604 41
8966 8629 29
7992 7666 11
1498 10520 90
10162 7666 11
5099 7683 53
12592 10233 1
3310 2896 55
12808 3925 27
9569 7544 89
12920 2896 55
5743 10261 2
8167 13264 38
10575 7935 65
3126 985 24
866 6418 1
1351 2896 77
13315 2896 55
13267 2896 55
8997 3649 28
7954 551 38
5847 14 15
8168 9647 53
404 6284 29
9014 5359 16
14344 2564 2
14362 8535 15
7843 5481 2
3900 9943 22
4029 13582 54
4023 8176 42
4796 12427 32
3357 2979 83
9750 11270 54
6746 7666 42
2731 6106 39
5899 9943 22
10365 7065 53
9129 8422 26
11321 5253 27
4336 10678 2
9888 5481 2
5410 2241 31
1997 12518 81
8567 2896 77
3712 2508 66
3591 7666 8
2767 14366 54
7003 12271 14
5345 3833 86
12465 4330 48
2143 2995 81
13396 7787 54
3693 6833 26
2077 2353 53
13430 7666 42
7000 10279 69
8184 7666 42
13423 3363 81
1425 6325 31
752 11864 6
3102 3649 28
4296 3176 89
6770 5663 63
9276 8086 76
7525 8241 39
8104 9146 54
53 5166 58
8045 13212 79
9776 551 38
9925 12631 27
14278 5481 2
12108 11071 17
8684 2563 28
11457 5491 54
3582 3649 28
8796 13878 24
14436 7267 11
1353 12291 54
6546 6546 82
14103 4642 23
11787 10678 2
11592 7935 42
5211 14028 69
3043 10983 23
7177 10503 81
5253 280 90
1994 7666 42
2856 2896 55
133 12683 2
859 12683 2
197 3823 79
7330 5636 15
4857 4792 69
69 10420 2
3565 7259 63
10012 10261 2
1025 1793 76
12860 8535 15
10315 4941 71
13447 8802 51
4880 8715 52
3802 11053 31
10492 12400 80
10180 2896 55
7818 2896 55
8546 12883 90
3826 4918 14
14448 8165 30
3799 10984 86
9401 7833 81
11796 6835 54
3802 14344 31
9463 2896 77
13928 13059 53
8692 3617 2
4135 5792 13
7672 10917 13
13780 6751 14
12423 1996 79
9146 10567 69
2272 12291 54
7219 7695 4
9230 2896 55
8243 7924 54
3363 5461 2
8774 2896 55
12546 5766 12
2112 6995 90
2953 7000 54
2975 12138 1
4864 8227 54
2612 7286 54
98 10903 56
6311 12291 54
14242 8703 62
10355 7689 68
11881 2839 79
13608 5481 2
11819 1672 81
10544 1498 55
13987 13264 38
3234 4451 54
841 7666 42
8078 2896 77
6793 8535 15
10100 6889 90
1135 10261 2
12291 13377 69
9371 13582 54
1965 14316 44
2639 11105 66
3141 6832 53
4412 9072 2
1498 5034 90
5892 2178 54
6552 13281 35
6034 9492 55
4083 7877 53
528 7286 54
2652 5244 8
14203 2810 66
9173 5461 2
5802 13281 54
2467 11185 40
10620 5540 38
5205 6423 53
14331 6573 30
11484 4482 54
8842 5481 2
2095 9056 79
6340 7661 79
8611 8773 2
3238 5329 85
14246 2789 31
14324 7100 14
11006 8227 54
8718 5606 79
12661 12288 34
584 2563 28
3891 10277 29
11759 11436 80
3366 10423 53
9539 7934 36
8015 2896 77
519 6070 66
9871 6634 69
1853 7905 67
3780 10633 20
12080 2404 53
11960 9091 1
9697 2896 19
6623 13264 38
11052 4832 90
14281 2563 28
13943 12557 23
11864 3617 2
6942 5481 2
9132 3183 67
14321 3649 28
13159 1498 55
14246 5 31
5843 7666 11
2953 9257 54
2516 1651 1
6000 5461 2
5519 11829 53
4890 7935 42
11885 6063 13
13921 71 78
11098 551 38
4715 468 2
10781 14034 53
7787 8375 69
10457 10457 87
10372 13221 54
10577 11957 79
8592 7779 53
612 9257 54
4969 7917 79
3595 12685 36
10380 6720 53
901 1222 53
6623 7871 90
2484 2910 44
11795 7186 53
11864 1874 2
3041 11756 81
5606 4625 79
8113 5461 2
12292 10590 69
7458 7990 81
10733 13510 90
6335 1498 55
2729 2563 28
1677 7666 11
7627 10233 1
3658 7100 14
6262 8259 2
1800 7717 3
566 4693 77
5454 4857 54
11633 5481 2
337 2902 53
7916 11071 17
6568 4735 54
9080 2563 28
13842 2896 55
9874 7293 2
8427 4534 53
6194 12615 31
337 2270 53
5764 9770 35
733 2896 77
9554 6071 66
11123 1874 2
10355 12733 68
13732 6831 50
406 10655 80
9267 3934 9
922 13729 81
9125 9125 87
13432 7966 81
7150 3649 28
12249 3571 23
2076 2810 66
8196 11409 53
1585 2564 2
13099 1848 54
8118 9479 7
11935 3649 28
11631 11631 21
12423 10420 2
8196 6123 53
4114 935 55
4099 12292 54
10072 1879 24
10072 8036 24
12890 2896 44
6623 2908 90
162 12292 35
10928 5580 52
10917 13009 73
3801 12134 35
8196 12325 53
13275 11071 91
6642 2896 77
8196 4824 53
3486 13703 81
11044 5481 2
10454 252 79
7993 2563 28
12179 630 18
6489 5481 2
9684 12291 54
3839 3649 28
7474 10878 88
1137 12292 54
14425 3649 28
8810 10233 1
9617 3617 2
8118 8179 61
297 8773 2
14442 3617 2
9333 1558 52
11812 10741 31
11636 6623 77
1576 13006 53
7076 7000 54
4415 2896 77
2896 7849 20
2282 1874 2
6318 12291 54
260 9165 33
6581 2845 2
13447 6708 30
4059 13582 54
14107 14083 53
7452 6446 0
9741 13582 54
8015 6720 7
10548 2270 31
6425 3580 79
2896 13405 90
5153 4685 42
7072 5551 39
85 5589 63
8003 12850 90
6992 5481 2
10878 10607 36
6809 6417 2
3996 10577 79
8270 7689 86
12177 738 66
8086 1655 29
9945 14431 29
5593 9618 85
2248 10948 66
234 3121 66
3838 12065 69
1577 3948 69
8760 5959 2
7943 3649 28
10121 4794 12
12134 10591 69
7189 5961 2
1991 7050 53
2355 4798 7
5940 5603 54
1263 13281 54
13006 2896 55
3260 7197 31
12517 5114 35
471 12940 35
9440 1848 54
6504 2896 77
155 4873 81
12089 12089 21
6890 9206 31
13044 4170 31
484 8635 53
1848 11356 69
5011 11343 10
11624 3649 28
8107 13255 53
2844 13582 54
8168 7149 53
4652 11652 52
7864 7000 54
13612 13468 90
2077 1788 53
6616 551 38
9227 3130 13
11535 9072 2
9605 9605 82
9843 2896 55
8708 8708 21
7222 6821 51
2143 14018 81
5872 7684 60
1325 5481 2
13975 13497 33
9756 3649 28
1067 14141 53
7634 2896 55
3223 11224 79
14313 9232 46
4160 12291 54
10075 8333 1
5431 5633 2
1666 3649 28
13716 2563 28
922 4422 88
7000 6522 69
9931 1848 54
7797 5949 23
1835 9133 7
476 3906 55
13114 5481 2
10781 4083 52
6774 10181 43
4277 12361 85
3225 2814 31
6104 11468 40
3179 7666 42
10247 10261 2
7408 2563 28
14531 5589 63
13974 12450 24
10006 7717 55
5180 12401 55
90 10723 6
3022 3649 28
11885 9670 2
2970 3251 75
10100 1094 90
2896 3685 90
8534 8439 13
2504 6063 90
4736 12875 31
9220 11071 77
6617 13211 90
5933 7306 53
2639 7906 50
692 9670 2
12095 1267 2
12857 12271 40
8782 577 31
167 10696 54
9425 3618 4
8096 12999 1
14173 8893 68
12145 1267 2
7832 9943 22
545 942 77
5843 4256 13
7069 285 80
6038 6951 90
2096 7666 11
2306 2588 53
939 10233 1
1291 5265 53
74 7731 90
8768 4295 53
4008 6797 23
6873 14107 52
8196 3107 53
1093 2896 77
7507 7149 53
8768 11279 53
11722 7898 2
2253 5481 2
8771 5425 14
7010 13688 23
9736 7711 15
12627 9943 22
4724 13320 53
2397 5650 54
11693 12683 2
9865 1498 55
6485 3649 28
9637 9943 22
13783 5914 66
6188 2508 66
11762 10207 90
1417 7000 54
10923 1547 39
10448 10233 86
3906 14191 90
14497 12271 40
6966 4060 50
1019 2504 17
12122 3342 90
7458 2680 81
9401 1352 81
1703 9667 50
9162 2504 77
5933 4456 53
5119 3649 28
6148 1309 54
843 5569 53
2442 2896 77
3151 3649 28
13757 551 38
4378 3747 42
3512 8773 2
5798 10878 42
4857 11069 69
7310 9072 2
1848 10507 69
2271 9216 50
7962 13024 15
13394 2182 79
2528 14401 53
13083 5481 2
12841 9943 22
7345 2564 2
9715 10678 2
322 10899 53
10892 8897 7
2897 8632 73
8782 12750 31
5141 1267 2
3312 9745 77
2192 14284 85
10362 5481 2
3247 1267 2
7458 4847 81
5357 13026 23
11071 4804 69
8336 165 69
10602 499 79
7177 14218 81
7538 3568 75
14396 7666 42
4730 4364 13
11453 7844 26
3241 14006 12
44 5481 2
617 403 2
3061 1651 1
14329 13692 2
3093 3838 54
4970 7666 42
5500 14366 54
1181 5243 66
9656 3649 28
12204 13582 54
14159 10261 2
14261 6334 73
1115 2896 91
2516 2897 13
4285 4798 24
13448 13281 54
10176 8610 32
0 8816 53
7336 9618 50
8757 935 44
11873 8196 52
4116 14386 7
8581 12291 54
11059 2979 83
7608 7608 87
6368 1670 2
322 3725 53
5292 13281 54
8811 13574 54
7097 7149 53
1196 5534 58
12949 12502 16
13943 6797 23
9268 4857 54
10940 9236 59
2080 11770 30
14107 3005 53
2542 12766 69
9937 5589 63
2648 10817 2
4657 13612 27
13379 8275 23
3317 12292 54
7473 1527 79
12784 7323 2
9506 2964 54
10965 4185 53
11039 12187 2
14174 8535 15
4047 7899 2
8790 5791 49
815 13024 15
2896 7611 90
12882 935 55
11007 7291 85
11812 917 31
2442 65 89
191 4117 5
14520 14520 21
4626 10917 13
2448 2563 46
8611 2896 55
12291 12700 69
12488 8259 2
682 13024 15
12353 6181 9
4736 9261 31
1652 3838 54
9738 8908 52
12679 12683 2
1248 9916 30
13825 12292 54
12900 7666 42
14108 9381 1
4190 2432 18
966 4857 54
8399 6894 31
2528 4248 53
14364 2896 77
11246 2896 55
1425 2059 31
10162 1874 2
6682 738 66
3007 10106 81
8927 10742 13
5381 12291 54
4749 2563 28
8181 3924 4
14455 2116 24
1139 9743 30
1562 5481 2
9008 8096 18
10159 14179 73
5730 7477 23
7097 3818 53
13877 1267 2
3336 14301 35
6926 10159 13
5735 1306 79
5855 9397 44
11982 12291 54
3225 933 31
8046 8912 23
14093 3838 54
11653 8685 16
4059 2896 77
5093 7800 90
2077 11116 53
13829 13533 86
12437 9539 42
7177 10598 81
14414 2964 54
12755 7654 79
9460 11270 54
6623 9325 90
356 7016 54
4318 10678 2
6951 2913 90
231 1874 2
8168 8912 53
600 2896 77
5977 14043 50
1814 2964 54
5684 1874 2
2010 2896 55
3191 7666 11
2557 3649 28
8399 5534 58
3291 2896 19
3268 3649 28
4834 12450 81
4771 2964 54
5357 13246 23
2896 9331 90
1408 14417 52
8512 11558 84
3618 3618 82
9947 1267 2
13353 4482 54
1563 2896 55
1523 10878 42
7664 8338 90
8908 5949 53
1858 8037 13
4261 8954 24
7891 13037 55
12930 12291 35
4491 8617 13
4108 9670 2
2243 5636 15
12353 7792 9
10151 7651 12
4083 13700 53
9075 4310 44
5471 4058 58
276 10702 18
216 9954 59
3813 3649 28
9295 7050 24
10008 4693 91
12658 12271 40
9057 403 2
4834 14024 81
11740 2504 77
9210 12385 55
4417 2249 29
11071 7419 90
5152 7000 54
8471 2861 90
14501 10194 66
3886 14060 16
14236 2896 77
8169 3617 2
5381 2518 66
12152 7905 30
4435 5244 42
12432 8227 54
11071 6296 90
12600 7019 2
11423 9647 53
1577 608 69
8714 7666 11
6045 9552 85
7118 9178 86
5093 9449 90
2313 2896 77
9401 6395 81
8890 7666 42
14280 3649 28
8357 10540 69
639 4310 44
1135 1617 2
11121 14006 12
3109 11071 77
7414 5439 12
5587 14122 11
4083 10899 53
4065 2896 44
8486 551 38
4456 7666 11
8395 2896 55
14323 13312 54
5895 551 38
8782 9999 31
6772 4842 79
9248 12572 48
5889 5143 54
3223 3649 28
2659 412 13
8908 7345 53
1672 2563 28
7212 10164 31
577 2218 2
10950 551 38
1856 10558 52
12860 5636 15
2429 8613 46
1867 13582 54
3647 5461 2
1611 2686 4
13648 12940 35
5285 12668 38
10686 65 89
9366 5636 15
3269 2178 54
6698 10533 79
6842 4802 90
11217 10388 54
1997 3569 81
14045 2508 66
1044 11071 17
9015 13275 13
4783 9055 53
6537 8730 2
163 8227 54
794 4857 54
9376 10233 13
6790 8849 73
7838 1166 54
9926 11071 77
9361 3649 28
12246 12291 54
2327 4364 0
322 5873 53
2896 454 90
217 1670 2
6937 7711 15
13051 9257 35
4395 3710 66
11240 7982 2
6349 648 51
10277 12444 66
11395 7019 2
12427 10108 69
7082 1661 2
14398 14507 90
10878 3667 36
13473 9072 2
3026 2071 58
2327 10817 2
13044 13402 31
12919 10817 2
3884 7666 11
3858 12292 35
2853 9236 59
12191 2896 55
8784 1895 38
2080 2298 30
7722 3649 28
7720 4735 54
11457 5244 42
10970 11071 19
1937 1937 82
3925 9416 90
2163 10878 42
8749 11872 31
14003 10456 23
10601 2964 54
11255 5481 2
3327 9943 22
2392 8227 54
5187 9001 90
8933 12271 14
6845 2896 77
13432 229 81
8441 6090 54
11232 3322 2
5827 2896 55
8859 11071 77
3713 3713 21
6543 11760 1
4314 7946 75
419 10864 31
12001 7016 54
1848 315 69
10546 10261 2
10485 4724 52
5750 6750 46
922 1005 81
8420 5481 2
14455 8513 24
10969 1241 7
8268 2298 67
9732 4215 47
2896 3994 90
3181 5481 2
2169 3177 54
11900 11071 55
9717 12712 79
2204 12291 54
13227 8176 42
2244 9529 38
8662 2896 77
11471 4807 4
8504 10917 13
10375 4310 44
10486 210 79
13799 5514 91
2836 2836 16
11125 6470 58
13943 2870 23
1529 2563 28
909 8333 86
5507 698 54
11960 3649 28
5984 2896 55
1248 7259 67
1296 13582 54
8196 2975 53
4513 5003 34
9964 5481 2
11946 12574 46
2578 7715 53
5744 2494 24
10908 11071 55
9042 5735 79
11305 4757 81
3323 5574 35
10892 11071 77
1038 4939 81
10025 9999 81
10097 1843 13
12322 10030 69
9132 115 30
10763 3177 54
11305 958 81
7375 1267 2
10192 5481 2
13409 12187 2
9401 13744 81
4261 10415 24
14008 2896 55
6326 5574 54
12654 8802 36
9497 4757 53
10798 2896 55
4017 13951 2
2504 8167 90
2074 12271 40
11071 10306 90
1291 3649 28
1292 1292 82
10269 10269 21
5148 9670 2
2489 2896 77
3551 2896 55
2409 3649 28
12891 5635 72
5139 12630 7
13456 5481 2
7693 5636 15
13654 5540 38
4543 8381 19
1667 2896 55
5905 7848 13
8205 10105 39
5925 9717 79
11245 5039 79
3018 7521 53
13771 13771 21
7544 2896 55
2234 10380 52
11861 4105 66
6145 10233 13
11395 2896 55
5905 10564 79
13798 10420 2
2316 9178 4
2528 2405 53
2270 5461 2
9507 1684 69
8898 8397 24
11691 3765 30
10568 10420 2
10884 5588 50
1481 792 43
10060 689 80
3578 6751 14
11994 6258 52
1435 3649 28
6771 7666 11
10656 7000 35
6364 6674 53
3486 10121 64
13168 8828 23
11052 9328 90
2292 7935 42
1416 1189 32
8196 13376 53
926 6916 67
2896 11188 20
1473 10261 2
4361 10439 69
935 4442 69
4105 5504 45
2652 7016 35
1058 7666 11
4008 9470 23
9110 7286 54
10448 7666 42
7402 6470 75
6325 7877 79
1932 3764 90
14246 2457 31
7194 5481 2
4417 9062 29
8489 181 54
4435 2110 54
11812 7909 31
12396 12291 54
12179 630 61
3810 8611 23
7580 13772 30
7695 551 38
11651 2563 28
8186 5461 2
5646 3921 44
7215 1659 16
13494 4825 7
4436 4256 13
1387 1267 2
6826 1874 2
12093 8227 54
7212 4030 31
6883 11467 53
8369 13582 54
7177 12097 81
9804 3649 28
4320 3649 28
13973 9943 22
12936 7666 42
5992 11336 25
4087 415 90
8908 2469 53
5578 2896 55
13368 14116 86
1406 4297 53
6324 2896 55
3007 8539 81
12291 1326 69
13432 3804 81
11304 6193 89
10195 3649 28
3075 5461 2
12663 8773 2
5450 8072 89
10333 2964 54
2614 1455 23
12930 12291 54
6285 14351 23
7772 534 38
10100 1640 90
13928 12839 53
7689 2855 90
7709 3995 84
1160 8773 2
3921 5646 90
8363 1651 13
12910 1932 3
269 13076 86
13461 2896 77
2338 5481 2
11611 11300 66
12526 4310 44
14483 5481 2
13920 12374 79
11637 14238 31
6578 6512 70
10861 13746 85
11577 11771 85
5593 2025 86
1829 2164 90
12587 13704 50
9880 8250 53
5844 5481 2
2710 7284 90
4318 5481 2
12409 5351 69
7358 10233 1
1615 1615 82
8962 9670 2
10814 5481 2
662 8086 85
8369 9236 59
11508 7907 66
3799 4115 50
12673 12291 54
5685 8552 46
2309 935 55
12093 9257 54
3772 9529 38
11 11561 88
7654 3649 28
3881 12967 89
9401 787 81
2374 2896 55
7980 534 38
8512 11526 90
9917 3649 28
2590 5481 2
10607 10878 65
9397 10496 90
4225 7142 7
13498 8585 66
11143 5633 2
6038 846 84
13907 7335 7
3485 5914 66
11133 7666 42
10774 12683 2
7506 2896 55
7889 2504 55
7177 2116 81
988 2896 77
2666 10825 90
10812 5589 30
5659 8402 53
5533 1670 2
9229 9943 22
3949 6572 90
160 160 82
6821 1817 90
7369 12291 54
8416 6973 81
9067 1104 90
9745 3470 90
11181 13253 38
6224 3649 28
10222 6498 54
2566 2896 91
11320 13024 15
2566 2589 90
14507 14507 82
7414 5766 12
978 935 55
13342 796 53
9325 2666 44
5355 6635 73
13490 10195 31
2391 10232 13
6488 2806 50
12762 2071 58
3165 2504 17
10538 11071 17
4857 14511 69
6645 2896 55
12256 152 81
6568 8598 26
9697 11919 35
7212 13747 31
3240 403 2
1029 3811 53
14103 4053 23
9067 9014 90
6257 4735 54
9129 12291 54
11421 5688 85
13133 551 38
5293 12683 2
3331 12271 14
13347 6429 81
13928 933 53
5690 2495 50
6478 7717 51
13394 4677 2
477 3838 54
2146 2896 91
210 9492 55
14538 10233 13
5963 582 69
11404 403 2
1309 1452 69
1498 1947 90
3262 11148 90
7268 4865 7
14010 4075 62
8908 1986 53
10519 3137 39
8682 7935 42
1698 579 40
7177 6122 81
9749 6623 55
13814 8343 85
12324 10163 1
13413 4095 81
14430 7293 2
6465 11561 88
535 9745 19
1651 5768 90
3540 5641 90
5701 9072 2
5259 1669 38
9497 577 53
9895 4724 52
1806 14172 40
11054 7293 2
11292 4693 77
2114 14366 54
11605 7038 53
9635 11975 13
4358 9458 54
575 3538 79
6558 1966 53
6275 14092 23
11002 876 54
10439 181 54
550 5481 2
11522 6584 77
14406 2896 13
5854 7666 8
2622 3606 50
9539 3894 36
11304 1813 86
1139 3765 67
9956 2896 77
701 11907 26
5085 3116 79
3417 12450 79
755 10261 2
6219 4157 49
12452 9770 35
12531 13160 22
10156 10642 86
1789 1574 24
9050 13275 86
3007 9359 81
11149 6751 14
1570 284 53
3246 806 90
5260 14254 53
2896 13786 90
6776 1462 52
9397 5199 90
7318 7318 82
2462 12427 79
271 11052 27
5357 3151 23
4328 9791 85
7709 3164 84
13070 2896 77
678 10261 2
7669 3649 28
6493 493 53
13394 7230 2
6127 14095 69
12994 6832 53
1224 5512 39
11721 5481 2
9618 13091 29
13486 13160 22
10325 4673 7
935 7459 90
6674 3956 79
3934 3177 54
10798 12911 22
12077 7711 15
6825 1732 76
12353 12845 2
1065 9171 66
14103 1455 23
13697 13697 21
9771 9178 13
8790 13281 54
2886 13715 90
4135 1400 22
10702 2910 13
14084 1848 54
11492 2729 81
3732 4409 69
6000 10817 2
12010 3649 28
5933 11504 53
1527 5184 13
8355 11467 53
699 12045 79
3093 176 50
10525 2010 85
12728 3355 40
13002 12036 66
9461 2896 55
1190 7950 79
7177 8036 81
13416 3649 28
4373 9943 22
2436 7666 42
12972 3649 28
8768 1095 53
13159 5187 55
13238 2896 55
2077 5701 53
999 999 21
733 7844 26
12557 9072 2
4193 5461 2
11039 1041 2
3876 970 31
1152 6751 40
7177 4824 81
4737 8227 35
13738 5481 2
3402 7717 55
3906 1960 90
4081 505 78
9310 403 2
3790 11824 13
10257 2508 66
1521 9171 66
11066 6460 66
5524 10672 60
6526 3359 68
2926 2504 44
3194 2178 54
12234 5481 2
6995 6995 21
3109 12291 54
10481 9072 2
1473 10678 2
10408 12070 90
6586 1003 50
5404 4251 90
11692 403 2
8214 539 86
3061 2650 2
6540 6540 21
3007 1634 81
4023 7000 54
13950 7000 54
8898 3382 24
6172 3617 2
8427 3873 53
8204 13281 54
7526 3649 28
7291 9724 29
5291 181 54
4857 8783 69
2111 1344 27
6612 14316 44
12253 3766 16
2306 8464 53
11258 2867 1
14236 2178 54
10430 2896 92
4724 11575 53
2896 5324 90
8809 13829 29
10166 10233 13
7570 12971 30
2001 8401 85
11512 13436 26
8104 11071 77
1736 8692 79
12327 2897 13
5719 11071 77
187 11418 53
2896 7532 90
8683 3371 53
5843 10261 2
12291 1263 69
5137 5481 2
4857 9563 69
9973 10233 1
2896 14362 90
5337 1094 0
12440 7666 42
2960 7293 2
2557 10398 79
4083 7082 53
3244 5481 2
10098 1512 68
922 14340 81
2896 13116 20
14316 6939 90
2620 2194 89
13541 5589 63
3164 12273 73
2221 3325 90
877 7717 3
4286 4117 5
10222 12291 54
3041 11987 81
1209 10122 73
13091 2810 66
11691 1942 51
6475 7000 54
829 6623 77
861 5023 85
3335 5481 2
14344 3649 28
14416 3649 28
3640 1626 90
2659 5461 2
13495 3649 28
12959 1651 13
12975 9745 55
2750 5663 63
8893 2896 91
2775 12271 40
13188 11794 69
13566 1267 2
3517 7935 42
1848 8561 69
5357 4139 23
6771 5461 2
1202 13692 2
9667 5633 2
5350 3649 28
1269 2386 79
2200 11071 17
11617 2964 54
14316 1965 90
12257 3649 28
5449 2896 91
7454 13969 16
5260 7542 53
14034 1661 2
8088 5481 2
9067 13183 90
2751 5001 89
12291 2911 69
1744 2298 30
3657 6176 2
13241 14301 54
13723 3649 28
11652 1996 53
7580 10518 30
1890 2185 7
9056 12465 79
1138 648 0
10533 3649 28
2896 10926 20
4446 1843 13
8557 12291 54
3371 13446 13
12529 3649 28
2839 7497 79
2547 1285 81
4057 1498 55
2376 6121 16
13490 7889 31
3419 8227 35
6577 10248 53
1921 9072 2
8427 6521 53
935 6899 90
11870 11870 21
10696 9671 69
6653 2810 66
1369 10635 53
11254 10034 45
12331 1132 86
12291 9923 69
2503 2115 90
484 7690 53
375 9236 59
457 2964 54
8894 2896 55
7705 7705 87
51 403 2
12813 2896 17
2754 11071 55
6424 3649 28
12891 13011 72
11094 2896 55
10926 551 38
11824 11824 82
2136 800 13
13070 7000 54
1425 9200 31
901 7197 53
6545 878 42
8427 14133 53
1839 12683 2
1693 551 38
1812 7666 11
2528 10205 53
2896 12077 90
4029 2896 77
7177 8707 81
7427 9542 31
8695 2563 28
7132 12071 85
8207 12656 2
6958 10917 13
901 705 53
7177 3209 81
9187 2896 55
65 12036 62
12900 9236 59
8810 7055 2
1562 9072 2
1038 1680 81
11087 9670 2
2896 4562 20
7174 6470 75
13281 3496 69
6452 6623 91
9722 9722 82
9770 14039 69
5303 12292 75
9617 2242 79
13974 13136 24
13817 12145 85
7291 2313 29
330 11798 77
12994 2469 53
8640 5355 3
322 1765 53
4102 4648 36
7619 12087 30
2626 3567 90
12291 14180 69
6038 12601 90
11019 3649 28
6623 1209 90
3133 7935 42
3507 4857 54
12291 12033 69
13272 2058 54
2827 13928 52
1494 9539 42
12689 5529 79
6676 7666 42
1099 6723 31
5787 2896 55
9386 2896 55
10679 2583 79
3131 13611 35
2629 14397 0
8184 2508 66
7544 299 62
970 1498 55
2001 2178 54
6269 10151 92
4857 8015 69
12005 7666 65
11929 1267 2
2544 8813 22
14103 11170 23
9170 3649 28
8046 5642 23
5222 4416 86
10953 14411 90
13075 3838 54
5107 9072 2
535 12884 35
12134 13887 69
13746 12683 2
1104 1104 21
7193 9267 25
5608 9011 79
6675 10817 2
2896 6210 90
11812 13172 31
12291 7904 69
5926 1473 50
7238 2873 39
1853 6573 30
10485 6883 52
3275 7666 11
901 10187 53
4934 3924 13
5263 9072 2
6517 5892 39
7422 4305 90
1628 403 2
575 7293 2
1449 2327 31
116 7877 79
1835 7787 54
9932 12394 50
11123 1651 13
12783 7935 42
12218 10002 26
4860 1338 31
7717 5641 90
1577 3195 69
652 2896 91
7769 7769 21
12777 7698 50
10810 7666 42
3057 12271 40
7142 3649 28
5537 3649 28
3209 7695 13
9228 403 2
13432 1764 81
12486 717 26
7091 5481 2
9651 6623 77
3319 1352 50
12291 13809 69
14261 2347 16
8046 970 23
1933 2287 88
9067 13500 90
10978 12291 54
2857 5432 31
7212 1546 31
4365 11071 55
2164 2164 87
11514 12407 49
8172 9430 39
2657 9340 53
12094 2810 66
8196 7345 53
7648 9461 53
1799 9072 2
2301 14049 17
7437 223 85
8513 10233 1
2896 11655 90
14363 12824 23
2770 2896 55
9696 3649 28
7453 9670 2
9721 7666 11
1117 1117 87
13368 11125 66
6127 716 69
3951 13101 64
10656 9257 35
2186 4105 66
5357 8894 23
9108 7666 42
11473 4651 29
14473 13253 38
6651 6651 82
13977 11441 55
6349 10518 30
6875 2896 77
2750 3355 14
698 11227 69
9476 13160 22
8344 7666 11
938 2973 81
8070 13889 12
4388 2241 31
4017 1874 2
7667 1403 2
8695 10878 11
7904 12654 42
13396 9539 42
9929 1309 54
339 9677 50
3304 12262 9
8242 5564 13
6958 1267 2
714 9257 35
5988 2896 55
5283 3649 28
12058 3649 28
6628 7000 54
1621 2242 79
5918 4310 44
1657 4758 22
7709 7182 90
823 5914 66
1917 7836 89
5271 935 55
13490 6985 31
14010 5481 2
1680 2504 55
6269 8667 92
11144 3019 13
773 955 53
9046 2504 55
6924 3692 90
1017 7666 42
4029 6561 61
7177 6375 81
14045 9325 86
5406 3649 28
4162 2896 91
322 7038 53
8945 12971 67
7538 10850 75
2029 1739 22
13695 1874 2
9372 1651 13
14492 7717 55
4771 5491 54
1872 11071 77
4800 181 54
649 10678 2
531 3649 28
9732 274 47
5963 6909 69
13490 11014 31
3897 3649 28
10380 11624 53
10251 2896 77
12291 10049 69
6623 6452 90
6132 1651 86
2114 8227 54
11511 1994 69
10760 4857 54
3925 9779 90
6730 2563 28
8196 14021 53
5211 8196 52
1100 10261 2
4308 1079 13
2896 4202 90
6038 2915 90
12314 5481 2
582 8388 85
9216 1651 13
11071 7107 90
3164 2281 65
3522 10666 90
460 1874 2
13791 9670 2
6592 7705 90
343 12247 66
75 6796 23
9366 579 40
1406 2870 53
347 2896 77
2821 3649 28
940 1498 55
2903 11071 55
5127 7110 89
7097 8280 53
13160 7177 10
239 9257 35
14103 3958 23
11497 13253 38
13417 6616 86
9244 5481 2
7792 2178 54
14373 10261 2
3455 8715 52
13829 1651 86
1132 14 15
12626 12626 21
11228 1261 48
10946 9670 2
12614 9954 59
11010 1662 50
5764 12292 54
7212 2032 31
2767 7666 42
9146 1763 69
7599 569 66
4927 7935 11
7527 3183 30
8818 3649 28
420 12683 2
901 2821 53
12670 8179 61
8400 10637 50
1540 13695 50
10797 2504 77
5898 297 23
12134 10351 69
10574 4361 30
6560 1498 77
13200 10420 2
7835 11676 32
2660 2508 66
11652 10329 53
5232 883 43
2306 4399 53
10419 12303 53
7852 10142 73
4198 1651 1
8801 9326 2
5118 12187 2
10931 935 55
2061 13582 54
4285 9711 24
7115 1193 13
12651 14380 90
7622 12444 66
11307 2896 55
8969 3649 28
4509 6530 43
12661 1495 34
12659 13929 53
4703 12291 54
12599 12567 23
3300 3547 37
13432 5516 81
14403 2563 28
5631 403 2
8512 10737 90
14180 12291 54
