800
0 11258 45
0 0 46
0 7076 47
0 3648 49
1 1 46
1 3722 49
2 2 46
3 3 46
3 3648 49
4 8480 5
4 7763 6
4 4 46
4 1900 47
5 2334 47
5 3648 49
6 6 46
6 3648 49
7 7 46
9 9 46
10 11381 45
10 3720 49
11 8480 5
11 10582 45
11 11 46
11 1919 47
11 3722 49
12 10591 45
12 12 46
12 3722 49
13 4494 71
13 8480 73
13 1719 74
13 689 75
13 3740 75
13 4830 75
13 11331 75
14 6375 2
15 378 37
15 7084 71
15 8480 73
15 871 75
15 1029 75
15 5057 75
15 8365 75
15 9640 75
15 11467 75
15 10875 76
16 11227 45
16 16 46
16 3865 49
17 11226 45
17 17 46
17 3865 49
18 11220 45
18 18 46
19 11218 45
19 19 46
19 3865 49
20 8140 6
20 20 46
20 1089 47
20 3865 49
21 7084 71
21 9855 74
21 689 75
21 3740 75
21 3779 75
22 8480 5
22 8135 6
22 22 46
22 980 47
22 3720 49
23 23 46
24 6405 37
24 9622 37
24 6326 67
24 7247 73
24 7999 73
24 3745 75
24 9136 75
24 9640 75
25 3648 49
26 3648 49
27 4494 71
27 8480 73
27 3614 74
27 871 75
27 1249 75
27 3740 75
27 5057 75
27 9136 75
28 1982 59
29 9402 55
30 7084 71
30 8480 73
30 3614 74
30 689 75
30 3612 75
30 4830 75
30 8554 75
31 5368 2
32 29 56
32 277 56
32 308 56
32 664 56
32 748 56
32 759 56
32 1289 56
32 2312 56
32 2405 56
32 2421 56
32 2422 56
32 2423 56
32 2503 56
32 2558 56
32 2562 56
32 2575 56
32 2588 56
32 2602 56
32 3570 56
32 3756 56
32 3940 56
32 4291 56
32 4579 56
32 5883 56
32 5949 56
32 6819 56
32 7048 56
32 7610 56
32 7853 56
32 7960 56
32 9621 56
32 9899 56
32 9913 56
32 10670 56
32 10944 56
32 11024 56
32 945 57
32 2004 57
32 4379 57
32 7278 57
32 8145 57
33 163 60
33 312 60
33 366 60
33 429 60
33 571 60
33 597 60
33 814 60
33 1119 60
33 1650 60
33 1982 60
33 2483 60
33 2503 60
33 2567 60
33 2582 60
33 3233 60
33 3495 60
33 3621 60
33 4986 60
33 7260 60
33 7914 60
33 9176 60
33 9435 60
33 9450 60
33 9611 60
33 10861 60
33 11578 60
33 6126 63
34 6295 11
34 179 60
34 184 60
34 196 60
34 199 60
34 311 60
34 331 60
34 748 60
34 776 60
34 794 60
34 852 60
34 860 60
34 989 60
34 1086 60
34 1655 60
34 1929 60
34 2003 60
34 2069 60
34 2260 60
34 2327 60
34 2388 60
34 2406 60
34 2407 60
34 2440 60
34 2455 60
34 2458 60
34 2462 60
34 2467 60
34 2471 60
34 2481 60
34 2498 60
34 2521 60
34 2539 60
34 2557 60
34 2582 60
34 2599 60
34 2600 60
34 2605 60
34 2619 60
34 2623 60
34 2636 60
34 2844 60
34 2857 60
34 3203 60
34 3570 60
34 4604 60
34 5015 60
34 5118 60
34 5379 60
34 5401 60
34 5407 60
34 5888 60
34 5933 60
34 5962 60
34 7260 60
34 7357 60
34 7778 60
34 8179 60
34 8402 60
34 8625 60
34 8775 60
34 8840 60
34 9104 60
34 9119 60
34 9539 60
34 10808 60
34 10872 60
34 10892 60
34 10941 60
34 11667 60
34 11671 60
34 11996 60
35 3206 58
35 10949 58
35 210 59
36 36 13
36 4760 14
36 6813 15
36 36 16
37 11722 67
37 7084 71
37 7229 74
37 3740 75
37 3779 75
37 9640 75
38 4494 71
38 8480 73
38 1164 75
38 3740 75
38 3779 75
38 8554 75
38 11331 75
39 7458 2
39 7996 39
39 7458 40
39 12052 47
40 154 77
41 7084 71
41 8480 73
41 10385 74
41 9136 75
41 11331 75
41 4861 76
42 1021 78
42 7311 78
42 4298 79
43 4975 55
43 7084 71
43 9147 74
43 1164 75
43 3065 75
43 8554 75
43 11413 75
45 3762 1
47 8480 20
47 5335 21
47 1597 28
47 3193 28
47 3828 28
47 3956 28
47 4392 28
47 7421 28
47 3708 29
47 7403 29
47 321 30
47 6037 32
47 658 33
47 1427 33
47 4513 33
47 6941 34
48 8480 20
48 1057 23
48 9197 26
48 1525 28
48 3860 28
48 6892 28
48 7283 28
48 7962 28
48 3521 29
48 3708 29
48 803 33
49 5335 21
49 3407 23
49 5159 28
49 7980 28
49 3708 29
49 321 30
49 4069 32
49 7443 32
49 1427 33
49 4513 33
49 8214 33
49 7443 35
51 7084 71
51 8480 73
51 9950 74
52 52 13
52 1415 14
52 7311 14
52 52 16
53 8480 20
53 3407 23
53 9197 26
53 1334 28
53 7980 28
53 3708 29
53 7942 30
53 10223 32
54 8480 20
54 5048 28
54 5159 28
54 7980 28
54 3708 29
54 3583 30
54 6390 32
54 660 33
55 8480 20
55 9186 20
55 2286 28
55 5159 28
55 6892 28
55 7980 28
55 3708 29
55 282 32
55 660 33
55 282 35
56 412 20
56 5367 20
56 9750 20
56 5367 23
56 774 28
56 3860 28
56 6411 28
56 6892 28
56 7980 28
56 3521 29
57 7996 20
57 8480 20
57 3860 28
57 6410 28
57 7980 28
57 3708 29
57 7149 29
57 8279 30
57 803 33
57 423 35
58 6279 18
58 7996 20
58 4057 22
58 8742 22
58 1597 28
58 2893 28
58 6892 28
58 11072 28
58 3708 29
58 5080 30
58 3770 33
59 8480 20
59 2286 28
59 3860 28
59 7283 28
59 7980 28
59 9225 28
60 8480 20
60 9186 20
60 9288 20
60 6126 23
60 9186 23
60 10029 25
60 774 28
60 6295 28
60 7980 28
61 3407 23
61 2286 28
61 3860 28
61 6892 28
61 7283 28
61 3708 29
61 391 30
61 5511 32
61 4514 33
62 7996 20
62 2286 28
62 2893 28
62 6551 28
62 6892 28
62 10453 28
62 3708 29
62 658 33
62 3080 33
63 8480 20
63 6784 22
63 7463 22
63 1553 28
63 2893 28
63 3860 28
63 7980 28
63 3515 30
63 10918 30
63 6536 32
63 397 35
63 581 35
64 8474 18
64 8480 20
64 4528 23
64 9197 26
64 3956 28
64 7980 28
64 3708 29
64 2976 30
64 837 32
64 6258 32
64 8214 33
64 9062 33
64 2984 35
65 7996 20
65 5262 28
65 6410 28
65 6411 28
65 7372 28
65 3708 29
65 6090 29
65 7149 29
65 4057 32
65 8742 32
66 5367 20
66 5367 23
66 3860 28
66 6892 28
66 7980 28
66 3521 29
66 3708 29
66 5695 29
66 2326 34
66 2326 35
68 8480 20
68 8640 25
68 2893 28
68 3916 28
68 7980 28
68 8151 28
68 3708 29
68 4672 29
68 4849 29
68 391 30
69 8474 18
69 8480 20
69 1617 23
69 3407 23
69 1334 28
69 1597 28
69 5262 28
69 7980 28
69 3708 29
69 4593 29
69 4849 29
69 3026 30
69 6419 32
69 2855 33
69 6957 33
69 6419 35
69 8666 35
70 8480 20
70 1597 28
70 2286 28
70 3956 28
70 6411 28
70 6892 28
70 7980 28
70 10453 28
70 10544 28
70 8279 30
70 6499 32
70 9019 32
70 6860 35
71 7996 20
71 8480 20
71 9186 20
71 7573 23
71 9197 26
71 6333 28
71 6411 28
71 6892 28
71 7980 28
71 10600 28
71 7149 29
71 7427 29
71 7054 30
71 1205 31
71 283 32
71 658 33
71 283 35
72 9352 20
72 10029 25
72 7980 28
72 7403 29
72 4858 30
72 5390 35
73 295 55
74 4494 71
74 9158 74
74 3740 75
75 8428 53
75 10334 53
76 7084 71
76 9750 73
77 7084 71
77 7458 73
77 7996 73
77 3918 74
78 10750 67
78 7084 71
78 8480 73
78 3779 75
79 7458 2
79 7996 39
79 7458 40
80 7996 5
80 353 47
80 2771 47
80 2781 47
81 5374 2
81 5374 39
82 7084 71
82 8480 73
82 3740 75
82 5057 75
82 8554 75
82 9111 76
83 5368 38
83 10518 38
84 7084 71
84 5367 73
84 1164 75
84 1170 75
85 1415 78
85 8169 78
85 4298 79
86 2822 2
86 1315 3
86 7396 5
86 7396 39
86 1315 47
88 1863 11
88 2861 11
88 8978 63
89 8480 83
89 1525 84
89 1539 84
89 2286 84
89 5159 84
89 6892 84
89 7980 84
91 5374 20
91 8480 20
91 774 28
91 3860 28
91 3989 28
91 5048 28
91 6410 28
91 6411 28
91 7980 28
91 3708 29
92 570 56
92 633 56
92 639 56
92 950 56
92 1209 56
92 1681 56
92 1832 56
92 2204 56
92 2209 56
92 2312 56
92 2419 56
92 2503 56
92 2511 56
92 2519 56
92 2729 56
92 3070 56
92 3810 56
92 4964 56
92 5015 56
92 5442 56
92 5464 56
92 5509 56
92 6202 56
92 7048 56
92 7249 56
92 7610 56
92 7918 56
92 8148 56
92 9861 56
92 10860 56
92 10892 56
92 10918 56
92 11005 56
92 11097 56
92 11576 56
92 591 57
92 935 57
92 7255 57
93 9996 3
93 7996 39
93 9996 47
94 7996 61
94 3411 62
94 5419 62
94 7600 62
94 8450 62
94 8451 62
94 8672 62
94 8679 62
94 3411 88
94 5419 88
94 7600 88
94 8450 88
94 8672 88
94 8679 88
96 4895 49
97 7996 5
97 7996 39
97 2347 47
97 8248 47
98 9750 20
98 3407 23
98 3828 28
98 7421 28
98 5695 29
98 7403 29
98 803 33
98 8769 34
98 8769 35
99 2991 80
100 1524 37
100 2583 37
100 6312 37
100 7661 37
100 11544 37
100 7084 71
100 871 75
100 1249 75
100 3740 75
100 9640 75
100 11467 75
100 10875 76
101 178 56
101 200 56
101 579 56
101 1866 56
101 1929 56
101 2074 56
101 2090 56
101 2521 56
101 2553 56
101 2975 56
101 3863 56
101 4645 56
101 7323 56
101 8245 56
101 10550 56
101 11522 56
101 11667 56
101 7255 57
102 7084 71
102 8480 73
102 3407 74
102 3740 75
102 8554 75
102 11331 75
102 11413 75
103 7084 71
103 8480 73
103 689 75
103 1164 75
103 8554 75
103 9852 75
103 10083 75
103 11331 75
103 11413 75
104 5374 39
104 10725 47
105 1213 47
105 1892 47
105 1911 47
105 2838 47
105 10553 47
106 3407 67
106 7084 71
106 4215 74
106 1231 75
106 7017 75
107 4470 17
107 10913 17
107 11987 17
107 7084 71
107 154 75
107 1249 75
107 3740 75
107 5057 75
107 8554 75
107 978 76
108 8480 20
108 3407 23
108 3860 28
108 9047 28
108 11072 28
108 3708 29
108 5080 30
108 5171 32
108 2984 35
109 7206 55
109 4494 71
109 3708 72
109 3804 73
109 11985 74
109 3740 75
109 9651 75
109 9111 76
110 893 66
110 4528 67
110 7084 71
110 8480 73
110 3407 74
110 871 75
110 1164 75
110 5057 75
110 8554 75
110 9136 75
111 4494 71
111 3708 72
111 8480 73
111 154 75
111 1249 75
111 3740 75
111 5057 75
112 630 60
112 1440 60
112 1681 60
112 2419 60
112 2484 60
112 4414 60
112 5860 60
112 8743 60
112 8750 60
113 7084 71
113 5399 73
113 9809 75
113 4861 76
114 894 66
114 10750 67
114 7084 71
114 7206 74
115 11026 66
115 7084 71
115 8480 73
115 4528 74
115 3740 75
115 3779 75
115 5057 75
116 7084 71
116 8480 73
116 1249 75
116 3740 75
116 9111 76
117 11026 66
117 3407 67
117 7084 71
117 9136 75
118 7084 71
118 165 72
118 3708 72
