3000
0 1 0
2 3 0
4 5 0
6 7 0
8 9 0
10 11 0
12 7 0
13 14 0
15 16 0
17 5 0
18 19 0
20 21 0
22 23 0
24 3 0
25 26 0
27 28 0
29 30 0
31 7 0
32 7 0
33 7 0
34 35 0
36 37 0
38 3 0
39 40 0
41 42 0
43 9 0
44 45 0
46 47 1
48 49 1
48 50 1
48 51 1
48 52 1
48 53 1
48 54 1
48 55 1
56 57 1
58 59 1
58 60 1
58 61 1
58 62 1
58 63 1
58 64 1
58 57 1
65 55 1
66 67 1
66 55 1
68 64 1
69 70 1
69 55 1
71 55 1
72 73 1
72 74 1
75 76 1
77 78 1
77 79 1
77 55 1
80 55 1
81 64 1
82 79 1
82 70 1
82 83 1
82 55 1
84 79 1
85 86 1
85 87 1
85 88 1
85 89 1
85 90 1
85 91 1
85 55 1
92 93 1
94 64 1
95 96 1
95 97 1
95 98 1
95 55 1
95 99 1
100 57 1
101 79 1
101 64 1
102 103 1
102 104 1
102 105 1
102 74 1
102 106 1
102 107 1
102 108 1
102 109 1
102 110 1
102 111 1
102 112 1
102 113 1
102 114 1
102 115 1
102 116 1
102 55 1
102 117 1
102 118 1
119 120 1
121 57 1
122 55 1
123 124 1
125 79 1
126 93 1
126 57 1
126 55 1
127 128 1
129 51 1
129 55 1
129 130 1
131 79 1
131 132 1
131 128 1
131 133 1
131 64 1
131 57 1
134 79 1
135 47 1
136 55 1
137 55 1
138 139 2
138 140 2
141 140 2
142 143 2
144 140 2
145 139 2
145 140 2
146 139 2
146 140 2
147 148 2
147 149 2
150 151 2
150 139 2
150 140 2
152 143 2
153 140 2
154 140 2
155 140 2
156 143 2
156 139 2
156 140 2
157 140 2
158 139 2
159 143 2
160 140 2
161 139 2
162 140 2
163 139 2
163 140 2
164 148 2
164 143 2
164 140 2
164 165 2
164 166 2
167 139 2
167 140 2
168 151 2
169 140 2
170 171 2
172 139 2
172 140 2
173 140 2
174 143 2
174 140 2
175 140 2
176 140 2
177 139 2
177 140 2
178 139 2
178 140 2
179 139 2
179 140 2
180 181 2
180 139 2
180 140 2
182 139 2
182 140 2
183 184 2
183 139 2
185 140 2
186 140 2
187 140 2
188 139 2
188 140 2
189 140 2
53 143 2
53 190 2
53 140 2
191 192 2
191 140 2
191 193 2
140 53 2
140 194 2
140 195 2
140 196 2
140 197 2
140 198 2
140 199 2
140 200 2
140 201 2
140 202 2
140 203 2
140 204 2
140 205 2
140 206 2
140 174 2
140 207 2
140 208 2
140 209 2
140 210 2
140 180 2
140 211 2
140 212 2
140 213 2
140 214 2
140 215 2
140 216 2
140 217 2
140 218 2
140 219 2
140 220 2
140 221 2
140 222 2
140 223 2
140 224 2
140 225 2
140 226 2
140 227 2
140 228 2
140 229 2
140 230 2
140 231 2
140 232 2
140 233 2
140 234 2
140 235 2
140 236 2
140 163 2
140 237 2
140 238 2
140 239 2
140 240 2
140 241 2
140 242 2
140 184 2
140 243 2
140 165 2
140 244 2
140 245 2
140 246 2
140 247 2
140 248 2
140 249 2
140 250 2
140 251 2
140 252 2
140 253 2
140 254 2
140 255 2
140 256 2
140 257 2
140 258 2
140 259 2
140 260 2
140 261 2
140 178 2
140 262 2
140 192 2
140 263 2
140 264 2
140 265 2
140 188 2
140 266 2
140 146 2
140 267 2
140 268 2
140 149 2
140 269 2
140 270 2
140 271 2
140 272 2
140 273 2
140 274 2
140 275 2
140 276 2
140 277 2
140 278 2
140 279 2
140 280 2
140 281 2
140 282 2
140 283 2
140 150 2
140 284 2
140 285 2
140 286 2
140 287 2
140 288 2
140 289 2
140 290 2
140 291 2
140 292 2
140 156 2
140 293 2
140 294 2
140 295 2
140 139 2
140 296 2
140 297 2
140 298 2
140 299 2
140 300 2
140 164 2
140 301 2
140 138 2
140 190 2
140 302 2
140 303 2
140 304 2
140 305 2
140 306 2
140 307 2
140 308 2
140 309 2
140 310 2
140 54 2
140 311 2
140 312 2
140 313 2
140 157 2
140 314 2
140 315 2
140 316 2
140 317 2
140 318 2
140 319 2
140 320 2
140 321 2
140 322 2
140 323 2
140 151 2
140 193 2
140 324 2
140 325 2
140 326 2
140 327 2
140 328 2
140 329 2
140 330 2
140 331 2
140 332 2
140 333 2
140 334 2
140 335 2
140 336 2
140 337 2
140 338 2
140 339 2
140 340 2
140 341 2
140 342 2
140 175 2
140 343 2
140 344 2
140 153 2
140 345 2
140 346 2
140 347 2
140 348 2
140 349 2
140 350 2
140 351 2
140 352 2
140 353 2
140 354 2
140 355 2
140 356 2
140 357 2
140 177 2
140 358 2
140 359 2
140 360 2
140 361 2
140 362 2
140 363 2
140 364 2
140 365 2
140 366 2
140 98 2
140 367 2
140 368 2
140 369 2
140 370 2
140 371 2
140 372 2
140 373 2
140 374 2
140 375 2
140 376 2
140 377 2
140 378 2
140 379 2
140 380 2
140 381 2
140 382 2
140 383 2
140 384 2
140 167 2
140 385 2
140 386 2
140 387 2
140 166 2
140 143 2
140 130 2
140 388 2
140 389 2
140 390 2
140 391 2
140 172 2
140 392 2
140 393 2
140 394 2
140 395 2
140 396 2
140 397 2
140 398 2
140 399 2
140 400 2
140 401 2
140 402 2
140 403 2
140 404 2
140 405 2
140 406 2
140 407 2
140 408 2
140 409 2
140 410 2
140 411 2
140 412 2
140 413 2
140 148 2
140 414 2
140 415 2
140 171 2
140 416 2
140 417 2
140 418 2
140 419 2
140 420 2
140 421 2
140 422 2
230 208 2
230 139 2
230 140 2
423 139 2
424 143 2
424 140 2
360 140 2
273 54 2
273 140 2
277 151 2
277 143 2
277 139 2
277 140 2
327 330 2
327 140 2
260 282 2
260 139 2
370 140 2
303 140 2
425 139 2
425 140 2
426 143 2
426 140 2
282 260 2
282 427 2
282 143 2
282 140 2
290 143 2
290 140 2
253 242 2
253 139 2
253 140 2
428 143 2
428 139 2
428 140 2
428 238 2
237 143 2
237 140 2
429 143 2
429 347 2
429 139 2
429 140 2
430 140 2
275 140 2
231 140 2
431 140 2
432 139 2
433 140 2
258 140 2
398 208 2
398 434 2
398 139 2
398 140 2
279 140 2
234 148 2
234 139 2
234 140 2
435 140 2
436 232 2
436 437 2
436 438 2
436 439 2
436 440 2
436 441 2
436 139 2
436 130 2
442 140 2
443 143 2
443 140 2
444 139 2
380 143 2
380 140 2
239 140 2
445 446 2
445 193 2
228 140 2
447 427 2
447 139 2
447 140 2
214 140 2
389 140 2
261 192 2
261 148 2
261 260 2
261 143 2
261 140 2
261 329 2
345 140 2
342 174 2
342 242 2
342 192 2
342 269 2
342 312 2
342 338 2
342 148 2
342 448 2
342 143 2
342 54 2
342 307 2
342 208 2
342 391 2
342 139 2
342 353 2
342 140 2
342 329 2
342 309 2
342 320 2
342 402 2
342 400 2
342 193 2
293 151 2
293 139 2
293 140 2
293 193 2
449 140 2
450 140 2
361 139 2
361 140 2
357 143 2
357 139 2
357 140 2
171 148 2
171 143 2
171 139 2
171 140 2
451 143 2
452 139 2
452 140 2
264 140 2
453 140 2
454 140 2
215 140 2
455 140 2
288 140 2
375 143 2
375 184 2
375 139 2
375 140 2
456 140 2
383 151 2
383 148 2
383 140 2
457 143 2
267 140 2
446 148 2
446 151 2
446 143 2
446 208 2
446 139 2
446 140 2
280 148 2
280 139 2
280 140 2
324 139 2
324 140 2
289 143 2
289 139 2
289 140 2
208 196 2
208 219 2
208 270 2
208 280 2
208 151 2
208 338 2
208 348 2
208 395 2
208 398 2
208 148 2
208 171 2
208 143 2
208 181 2
208 315 2
208 139 2
208 354 2
208 140 2
208 149 2
208 286 2
208 230 2
208 193 2
207 139 2
207 140 2
458 139 2
242 325 2
242 459 2
242 192 2
242 269 2
242 274 2
242 253 2
242 143 2
242 257 2
242 307 2
242 214 2
242 140 2
242 165 2
242 342 2
242 329 2
242 166 2
242 384 2
242 206 2
242 400 2
242 193 2
200 140 2
201 148 2
201 151 2
201 208 2
201 139 2
201 140 2
460 140 2
392 151 2
392 143 2
392 139 2
392 140 2
461 139 2
462 184 2
463 148 2
463 139 2
463 140 2
348 148 2
348 151 2
348 208 2
348 139 2
348 140 2
276 140 2
306 139 2
306 140 2
306 193 2
464 143 2
314 148 2
314 143 2
314 208 2
314 139 2
314 140 2
465 143 2
465 139 2
465 140 2
466 139 2
466 140 2
467 139 2
220 140 2
468 139 2
469 151 2
470 277 2
470 140 2
470 446 2
203 140 2
471 320 2
395 219 2
395 382 2
395 290 2
395 148 2
395 143 2
395 181 2
395 315 2
395 208 2
395 139 2
395 140 2
472 139 2
472 140 2
473 139 2
474 139 2
474 140 2
224 139 2
224 140 2
274 242 2
274 140 2
340 143 2
340 139 2
340 140 2
340 193 2
391 140 2
341 151 2
341 143 2
341 139 2
341 140 2
255 140 2
221 139 2
221 140 2
475 140 2
344 140 2
476 140 2
268 140 2
477 140 2
326 148 2
326 140 2
478 143 2
98 143 2
98 139 2
98 140 2
263 139 2
263 140 2
209 151 2
209 139 2
209 140 2
217 140 2
287 139 2
287 140 2
195 140 2
479 139 2
479 140 2
325 139 2
325 140 2
223 148 2
223 143 2
223 139 2
223 140 2
480 140 2
481 143 2
225 140 2
358 140 2
315 482 2
315 143 2
315 208 2
315 139 2
315 140 2
249 139 2
249 140 2
371 140 2
483 140 2
484 143 2
484 140 2
349 140 2
206 242 2
206 139 2
206 140 2
353 143 2
353 140 2
485 140 2
199 139 2
199 140 2
385 140 2
316 139 2
316 140 2
333 143 2
333 140 2
486 140 2
397 143 2
397 139 2
397 140 2
372 143 2
372 140 2
487 140 2
294 148 2
294 151 2
294 140 2
488 140 2
411 140 2
322 140 2
285 140 2
401 140 2
489 140 2
374 140 2
490 140 2
212 139 2
212 140 2
491 139 2
491 140 2
492 140 2
321 139 2
493 139 2
54 148 2
54 184 2
54 139 2
54 140 2
218 143 2
218 139 2
218 140 2
262 184 2
262 139 2
262 140 2
284 139 2
284 140 2
413 140 2
494 140 2
495 143 2
407 143 2
407 140 2
354 496 2
354 143 2
354 208 2
354 139 2
354 140 2
369 338 2
369 448 2
369 181 2
369 139 2
369 140 2
256 140 2
497 139 2
410 338 2
410 184 2
410 139 2
410 140 2
498 54 2
245 140 2
377 139 2
377 140 2
356 148 2
356 151 2
356 143 2
356 139 2
356 140 2
459 242 2
459 140 2
459 329 2
459 193 2
233 139 2
233 140 2
499 143 2
318 140 2
149 333 2
149 147 2
149 500 2
149 192 2
149 270 2
149 470 2
149 293 2
149 148 2
149 171 2
149 311 2
149 404 2
149 143 2
149 208 2
149 434 2
149 139 2
149 354 2
149 140 2
149 166 2
149 402 2
149 238 2
165 242 2
165 140 2
501 143 2
388 151 2
388 143 2
388 140 2
434 139 2
502 140 2
219 282 2
219 503 2
219 314 2
219 151 2
219 324 2
219 338 2
219 357 2
219 148 2
219 143 2
219 257 2
219 208 2
219 139 2
219 140 2
219 342 2
219 504 2
219 286 2
219 204 2
219 193 2
505 140 2
506 140 2
507 143 2
507 140 2
378 139 2
247 148 2
247 143 2
247 140 2
336 140 2
508 140 2
509 143 2
297 140 2
393 140 2
510 143 2
511 143 2
512 140 2
198 140 2
193 151 2
193 242 2
193 148 2
193 143 2
193 208 2
193 139 2
193 140 2
513 140 2
328 143 2
328 140 2
351 148 2
351 143 2
351 139 2
351 140 2
514 140 2
515 140 2
516 140 2
517 503 2
518 140 2
519 140 2
190 140 2
335 139 2
335 140 2
420 151 2
420 143 2
420 208 2
420 140 2
520 140 2
270 447 2
270 139 2
270 140 2
270 149 2
521 140 2
522 139 2
523 139 2
523 140 2
184 151 2
184 211 2
184 330 2
184 242 2
184 262 2
184 143 2
184 181 2
184 139 2
184 140 2
184 286 2
184 375 2
524 143 2
235 143 2
235 140 2
308 140 2
525 140 2
526 143 2
526 140 2
257 242 2
257 219 2
257 312 2
257 148 2
257 139 2
257 140 2
257 329 2
257 193 2
366 140 2
139 151 2
139 211 2
139 447 2
139 219 2
139 338 2
139 527 2
139 369 2
139 465 2
139 290 2
139 148 2
139 270 2
139 143 2
139 184 2
139 208 2
139 140 2
139 149 2
352 140 2
528 139 2
528 140 2
400 242 2
400 54 2
400 257 2
400 139 2
400 140 2
400 342 2
400 402 2
400 193 2
148 196 2
148 211 2
148 219 2
148 222 2
148 234 2
148 249 2
148 277 2
148 280 2
148 312 2
148 323 2
148 326 2
148 147 2
148 463 2
148 338 2
148 348 2
148 351 2
148 383 2
148 390 2
148 192 2
148 278 2
148 503 2
148 294 2
148 356 2
148 311 2
148 314 2
148 151 2
148 382 2
148 395 2
148 171 2
148 164 2
148 212 2
148 408 2
148 143 2
148 181 2
148 184 2
148 347 2
148 257 2
148 247 2
148 315 2
148 208 2
148 418 2
148 139 2
148 392 2
148 98 2
148 140 2
148 165 2
148 342 2
148 329 2
148 149 2
148 504 2
148 286 2
148 204 2
148 223 2
148 446 2
148 412 2
148 193 2
148 261 2
148 201 2
148 375 2
309 143 2
309 139 2
309 140 2
243 140 2
529 140 2
312 151 2
312 148 2
312 274 2
312 143 2
312 208 2
312 140 2
312 165 2
368 140 2
238 143 2
238 139 2
238 140 2
402 143 2
402 410 2
402 208 2
402 139 2
402 140 2
402 342 2
402 193 2
530 140 2
531 139 2
532 151 2
532 140 2
367 140 2
533 139 2
403 140 2
204 148 2
204 151 2
204 139 2
204 140 2
504 148 2
504 140 2
534 139 2
535 139 2
384 143 2
384 139 2
384 140 2
329 242 2
329 192 2
329 151 2
329 211 2
329 143 2
329 140 2
329 342 2
329 193 2
536 140 2
537 140 2
202 538 2
202 140 2
539 140 2
265 151 2
265 140 2
331 140 2
259 140 2
222 148 2
222 139 2
222 140 2
381 139 2
381 140 2
298 140 2
540 139 2
540 140 2
363 140 2
338 330 2
338 357 2
338 369 2
338 405 2
338 299 2
338 148 2
338 257 2
338 208 2
338 139 2
338 140 2
338 149 2
338 193 2
541 139 2
542 139 2
542 140 2
543 140 2
301 140 2
346 139 2
346 140 2
365 143 2
365 139 2
365 140 2
544 143 2
362 140 2
330 139 2
330 140 2
545 140 2
546 140 2
166 311 2
166 242 2
166 140 2
547 140 2
376 139 2
376 140 2
415 151 2
415 143 2
415 140 2
548 140 2
216 140 2
211 139 2
211 140 2
241 139 2
241 140 2
236 140 2
390 148 2
390 139 2
390 140 2
334 140 2
549 143 2
549 139 2
549 140 2
286 151 2
286 260 2
286 148 2
286 143 2
286 184 2
286 208 2
286 139 2
286 140 2
422 140 2
550 192 2
550 143 2
550 140 2
551 140 2
196 148 2
196 143 2
196 184 2
196 208 2
196 139 2
552 139 2
553 140 2
295 140 2
419 143 2
419 139 2
419 140 2
339 143 2
339 140 2
347 151 2
347 143 2
347 139 2
347 140 2
554 143 2
405 324 2
405 143 2
405 208 2
405 139 2
405 140 2
555 139 2
246 140 2
248 139 2
248 140 2
251 140 2
382 148 2
382 151 2
382 208 2
382 140 2
556 139 2
556 140 2
427 140 2
232 139 2
232 140 2
192 151 2
192 242 2
192 148 2
192 312 2
192 143 2
192 139 2
192 140 2
192 149 2
192 320 2
192 193 2
557 140 2
558 140 2
291 140 2
559 140 2
560 54 2
560 140 2
561 140 2
562 140 2
317 143 2
317 139 2
317 140 2
418 148 2
418 139 2
418 140 2
143 196 2
143 563 2
143 542 2
143 219 2
143 242 2
143 564 2
143 290 2
143 312 2
143 317 2
143 337 2
143 175 2
143 357 2
143 405 2
143 148 2
143 319 2
143 203 2
143 174 2
143 565 2
143 235 2
143 428 2
143 252 2
143 192 2
143 278 2
143 566 2
143 356 2
143 314 2
143 151 2
143 340 2
143 341 2
143 159 2
143 550 2
143 567 2
143 495 2
143 465 2
143 395 2
143 507 2
143 419 2
143 420 2
143 164 2
143 448 2
143 488 2
143 532 2
143 181 2
143 347 2
143 396 2
143 307 2
143 315 2
143 218 2
143 549 2
143 208 2
143 415 2
143 354 2
143 98 2
143 140 2
143 165 2
143 342 2
143 329 2
143 472 2
143 149 2
143 384 2
143 289 2
143 237 2
143 142 2
143 309 2
143 320 2
143 402 2
143 223 2
143 544 2
143 510 2
143 446 2
143 130 2
143 400 2
143 238 2
143 193 2
143 413 2
143 501 2
143 375 2
568 219 2
568 181 2
568 139 2
292 139 2
292 140 2
305 140 2
229 140 2
421 140 2
343 139 2
343 140 2
386 139 2
386 140 2
569 139 2
570 426 2
570 140 2
571 139 2
571 140 2
572 139 2
573 140 2
574 151 2
250 139 2
250 140 2
563 143 2
563 139 2
563 140 2
304 140 2
281 140 2
394 140 2
417 139 2
417 140 2
575 151 2
575 139 2
311 148 2
311 208 2
311 140 2
311 149 2
296 140 2
307 192 2
307 242 2
307 312 2
307 143 2
307 139 2
307 140 2
307 149 2
307 402 2
307 193 2
359 140 2
404 576 2
404 143 2
404 139 2
404 140 2
266 140 2
408 139 2
408 140 2
227 139 2
227 140 2
244 139 2
244 140 2
577 140 2
299 143 2
299 208 2
299 139 2
299 140 2
299 193 2
578 139 2
151 503 2
151 148 2
151 143 2
151 184 2
151 139 2
151 140 2
579 140 2
580 143 2
252 143 2
252 139 2
252 140 2
278 139 2
278 140 2
278 193 2
581 148 2
581 140 2
130 139 2
130 140 2
130 582 2
583 143 2
583 140 2
396 143 2
396 140 2
337 151 2
337 143 2
337 140 2
584 140 2
269 192 2
269 242 2
269 140 2
269 149 2
269 193 2
564 143 2
448 369 2
448 242 2
448 143 2
448 139 2
448 140 2
585 140 2
300 140 2
586 143 2
586 140 2
587 139 2
414 139 2
414 140 2
588 140 2
320 242 2
320 143 2
320 139 2
320 140 2
589 448 2
310 140 2
590 140 2
412 148 2
412 139 2
412 140 2
387 211 2
387 219 2
387 316 2
387 338 2
387 591 2
387 362 2
387 479 2
387 377 2
387 592 2
387 199 2
387 163 2
387 260 2
387 189 2
387 151 2
387 573 2
387 593 2
387 475 2
387 594 2
387 595 2
387 390 2
387 596 2
387 597 2
387 148 2
387 417 2
387 455 2
387 291 2
387 314 2
387 262 2
387 164 2
387 598 2
387 448 2
387 599 2
387 489 2
387 184 2
387 440 2
387 600 2
387 549 2
387 244 2
387 430 2
387 139 2
387 601 2
387 367 2
387 602 2
387 240 2
387 140 2
387 329 2
387 149 2
387 286 2
387 603 2
387 531 2
387 156 2
387 604 2
387 327 2
387 446 2
387 605 2
387 606 2
387 607 2
387 608 2
387 193 2
387 375 2
355 192 2
355 143 2
355 139 2
355 140 2
355 320 2
350 143 2
350 139 2
350 140 2
609 140 2
181 53 2
181 196 2
181 198 2
181 199 2
181 610 2
181 611 2
181 612 2
181 613 2
181 573 2
181 204 2
181 614 2
181 206 2
181 173 2
181 615 2
181 208 2
181 191 2
181 180 2
181 212 2
181 616 2
181 216 2
181 447 2
181 504 2
181 524 2
181 617 2
181 221 2
181 222 2
181 223 2
181 571 2
181 225 2
181 229 2
181 145 2
181 230 2
181 231 2
181 232 2
181 565 2
181 235 2
181 434 2
181 609 2
181 618 2
181 619 2
181 238 2
181 242 2
181 620 2
181 506 2
181 184 2
181 165 2
181 470 2
181 247 2
181 248 2
181 556 2
181 249 2
181 621 2
181 252 2
181 622 2
181 257 2
181 258 2
181 260 2
181 261 2
181 623 2
181 624 2
181 625 2
181 192 2
181 588 2
181 626 2
181 264 2
181 627 2
181 628 2
181 266 2
181 539 2
181 268 2
181 149 2
181 273 2
181 274 2
181 485 2
181 142 2
181 275 2
181 277 2
181 629 2
181 278 2
181 630 2
181 279 2
181 280 2
181 281 2
181 282 2
181 631 2
181 510 2
181 150 2
181 632 2
181 471 2
181 581 2
181 633 2
181 286 2
181 634 2
181 486 2
181 635 2
181 636 2
181 509 2
181 560 2
181 637 2
181 290 2
181 520 2
181 292 2
181 156 2
181 293 2
181 139 2
181 296 2
181 299 2
181 638 2
181 164 2
181 305 2
181 306 2
181 448 2
181 639 2
181 640 2
181 309 2
181 641 2
181 642 2
181 310 2
181 643 2
181 311 2
181 312 2
181 521 2
181 314 2
181 315 2
181 439 2
181 644 2
181 319 2
181 320 2
181 323 2
181 151 2
181 645 2
181 193 2
181 324 2
181 325 2
181 646 2
181 523 2
181 529 2
181 647 2
181 648 2
181 328 2
181 329 2
181 330 2
181 469 2
181 649 2
181 162 2
181 463 2
181 338 2
181 339 2
181 340 2
181 341 2
181 342 2
181 343 2
181 440 2
181 650 2
181 153 2
181 651 2
181 141 2
181 350 2
181 446 2
181 652 2
181 351 2
181 653 2
181 654 2
181 655 2
181 352 2
181 453 2
181 353 2
181 656 2
181 354 2
181 437 2
181 528 2
181 550 2
181 515 2
181 363 2
181 365 2
181 502 2
181 98 2
181 367 2
181 479 2
181 657 2
181 450 2
181 568 2
181 443 2
181 369 2
181 371 2
181 372 2
181 376 2
181 658 2
181 378 2
181 659 2
181 660 2
181 454 2
181 661 2
181 384 2
181 166 2
181 143 2
181 130 2
181 388 2
181 474 2
181 144 2
181 662 2
181 596 2
181 663 2
181 392 2
181 465 2
181 664 2
181 534 2
181 395 2
181 396 2
181 397 2
181 398 2
181 400 2
181 401 2
181 402 2
181 665 2
181 666 2
181 404 2
181 667 2
181 668 2
181 405 2
181 669 2
181 407 2
181 408 2
181 430 2
181 412 2
181 413 2
181 148 2
181 478 2
181 670 2
181 171 2
181 419 2
181 420 2
181 421 2
323 148 2
323 151 2
323 139 2
323 140 2
399 140 2
409 139 2
409 140 2
409 149 2
566 143 2
654 140 2
503 517 2
503 139 2
503 140 2
503 149 2
319 143 2
319 140 2
671 143 2
373 140 2
271 140 2
672 673 3
674 675 3
676 677 3
676 678 3
676 679 3
676 680 3
676 681 3
676 682 3
676 683 3
676 684 3
676 685 3
676 686 3
676 687 3
676 688 3
676 689 3
676 690 3
676 691 3
676 692 3
676 693 3
676 694 3
676 673 3
676 695 3
676 696 3
676 675 3
342 697 3
698 699 3
700 673 3
462 701 3
462 702 3
462 703 3
462 704 3
462 52 3
462 705 3
462 706 3
462 707 3
462 708 3
462 709 3
462 710 3
462 711 3
462 712 3
462 713 3
462 714 3
462 715 3
462 716 3
462 694 3
462 673 3
462 717 3
462 718 3
462 719 3
462 720 3
462 695 3
462 721 3
462 675 3
722 677 3
722 723 3
722 724 3
722 725 3
722 682 3
722 726 3
722 673 3
722 727 3
728 688 3
199 673 3
54 697 3
729 673 3
730 675 3
193 699 3
257 697 3
257 677 3
257 723 3
312 677 3
312 697 3
312 675 3
347 703 3
347 731 3
421 697 3
421 731 3
421 703 3
130 731 3
584 677 3
584 697 3
584 682 3
732 687 3
88 687 3
88 733 3
88 688 3
88 686 3
88 673 3
88 695 3
88 675 3
734 735 4
736 737 4
736 738 4
736 739 4
736 740 4
741 742 4
743 744 4
745 746 4
747 748 4
747 749 4
750 751 4
752 753 4
754 755 4
756 751 4
757 758 4
759 760 4
761 762 4
763 764 4
763 765 4
766 767 4
766 768 4
766 758 4
769 770 4
771 772 4
773 774 4
775 735 4
775 776 4
777 760 4
778 779 4
780 781 4
782 783 4
784 785 4
786 787 4
788 789 4
790 751 4
791 792 4
793 753 4
794 795 4
796 797 4
798 735 4
799 800 4
801 802 4
803 804 4
805 806 4
807 808 4
809 760 4
809 810 4
811 812 4
813 814 4
813 815 4
816 735 4
817 785 4
818 808 4
819 781 4
820 748 4
821 822 4
821 823 4
824 753 4
825 826 4
825 785 4
827 828 4
829 751 4
829 830 4
831 783 4
832 792 4
832 833 4
832 834 4
835 836 4
837 828 4
838 751 4
838 839 4
840 753 4
840 841 4
840 842 4
840 843 4
840 735 4
840 844 4
840 845 4
840 783 4
846 753 4
846 847 4
848 849 4
850 753 4
851 852 4
851 735 4
853 738 4
854 768 4
855 738 4
856 857 4
858 859 4
858 860 4
861 862 4
863 864 4
865 842 4
866 753 4
867 758 4
868 742 4
869 842 4
870 751 4
871 872 4
873 755 4
874 783 4
875 876 4
875 877 4
875 738 4
875 751 4
875 744 4
875 878 4
875 735 4
879 880 4
881 882 4
881 883 4
884 885 4
884 753 4
884 735 4
884 886 4
887 888 4
889 890 4
889 753 4
889 770 4
891 892 4
893 735 4
894 895 4
896 895 4
897 898 4
899 753 4
900 901 4
902 808 4
903 904 4
903 735 4
905 735 4
906 907 4
908 909 4
910 911 4
912 760 4
912 810 4
913 842 4
914 915 4
914 783 4
916 758 4
917 918 4
919 920 4
921 922 4
923 758 4
924 925 4
926 927 4
928 929 4
930 929 4
931 932 4
933 751 4
934 935 4
936 937 4
938 939 4
938 785 4
940 735 4
941 942 4
943 944 4
945 744 4
946 735 4
947 948 4
949 797 4
949 842 4
950 951 4
952 753 4
953 842 4
954 898 4
955 904 4
956 753 4
956 957 4
956 735 4
958 959 4
960 961 4
962 755 4
963 758 4
964 753 4
965 966 4
967 842 4
967 735 4
967 883 4
968 748 4
969 929 4
970 971 4
972 973 4
974 753 4
974 842 4
975 760 4
976 977 4
978 758 4
979 735 4
980 948 4
981 982 4
983 859 4
984 735 4
985 802 4
985 986 4
985 735 4
985 987 4
988 842 4
989 990 4
991 907 4
992 735 4
993 888 4
994 995 4
994 842 4
996 842 4
996 758 4
997 842 4
998 999 4
998 973 4
998 915 4
1000 783 4
1001 1002 4
1003 1004 4
1005 1006 4
1007 738 4
1008 1009 4
1010 1011 4
1012 751 4
1013 842 4
1014 909 4
1015 842 4
1016 1017 4
1018 1019 4
1020 1021 4
1022 1023 4
1024 1025 4
1026 765 4
1027 951 4
1027 783 4
1028 1029 4
1028 735 4
1030 877 4
1031 929 4
1032 1033 4
1032 1034 4
1032 1035 4
1032 1036 4
1037 877 4
1037 744 4
1037 951 4
1038 842 4
1039 842 4
1040 1041 4
1042 758 4
1043 783 4
1044 1045 4
1046 751 4
1046 841 4
1046 783 4
1047 1048 4
1047 1049 4
1047 735 4
1050 971 4
1051 929 4
1052 907 4
1053 751 4
1054 932 4
1055 1056 4
1057 948 4
1058 957 4
1058 735 4
1059 1060 4
1061 915 4
1062 1063 4
1062 808 4
1064 1065 4
1066 1067 4
1068 842 4
1069 785 4
1070 842 4
1070 883 4
1071 1072 4
1073 842 4
1074 1075 4
1076 753 4
1077 753 4
1077 1067 4
1077 1078 4
1079 1017 4
1079 735 4
1079 883 4
1080 1081 4
1082 1083 4
1084 753 4
1085 753 4
1085 785 4
1086 842 4
1087 808 4
1088 886 4
1089 1090 4
1091 907 4
1092 735 4
1093 843 4
1094 935 4
1095 751 4
1096 1097 4
1098 864 4
1099 1100 4
1101 1102 4
1103 753 4
1104 1105 4
1106 735 4
1107 1108 4
1109 735 4
1110 1111 4
1112 783 4
1113 880 4
1114 783 4
1115 929 4
1116 735 4
1116 844 4
1116 783 4
1117 753 4
1117 1118 4
1117 735 4
1119 753 4
1120 785 4
1121 742 4
1122 783 4
1123 1124 4
1123 1125 4
1123 1126 4
1123 1127 4
1123 735 4
1123 929 4
1123 1128 4
1129 748 4
1129 1130 4
1131 1132 4
1133 1134 4
1135 1136 4
1137 783 4
1138 828 4
1139 948 4
1140 1141 4
1142 1143 4
1142 1144 4
1145 1025 4
1146 753 4
1147 1090 4
1148 932 4
1149 1150 4
1151 822 4
1152 753 4
1153 751 4
1154 760 4
1155 1156 4
1157 785 4
1158 735 4
1158 1159 4
1158 758 4
1160 1161 4
1162 842 4
1163 1164 4
1165 944 4
1166 1167 4
1168 1169 4
1170 753 4
1171 1075 4
1172 842 4
1173 804 4
1174 735 4
1175 744 4
1175 1023 4
1176 842 4
1176 735 4
1176 1177 4
1178 783 4
1179 1180 4
1181 822 4
1182 828 4
1182 1183 4
1184 830 4
1185 1186 4
1185 1187 4
1188 753 4
1189 735 4
1189 839 4
1190 1029 4
1191 1192 4
1193 1194 4
1195 783 4
1196 1197 4
1198 1199 4
1200 735 4
1201 872 4
1201 862 4
1201 783 4
1202 842 4
1203 808 4
1203 888 4
1204 1205 4
1206 781 4
1207 753 4
1208 735 4
1209 744 4
1209 735 4
1210 735 4
1211 844 4
1211 783 4
1212 842 4
1213 1126 4
1213 929 4
1214 842 4
1215 1216 4
1217 735 4
1218 753 4
1219 842 4
1220 764 4
1221 760 4
1222 735 4
1223 744 4
1223 748 4
1224 808 4
1225 1226 4
1227 753 4
1228 751 4
1229 1009 4
1230 842 4
1231 842 4
1231 1025 4
1232 808 4
1233 1102 4
1234 1235 4
1236 932 4
1237 764 4
1237 1238 4
1237 765 4
1239 877 4
1239 907 4
1239 753 4
1239 843 4
1239 918 4
1240 842 4
1240 920 4
1241 922 4
1242 1243 4
1244 859 4
1244 1243 4
1244 1245 4
1246 744 4
1246 735 4
1247 735 4
1248 907 4
1249 751 4
1250 880 4
1251 842 4
1252 1253 4
1254 758 4
1255 1025 4
1256 735 4
1257 944 4
1258 1081 4
1259 1260 4
1261 751 4
1262 735 4
1263 1264 4
1265 1197 4
1266 880 4
1267 842 4
1267 735 4
1268 781 4
1269 1270 4
1271 812 4
1272 783 4
1273 1216 4
1274 1275 4
1276 842 4
1277 1278 4
1279 1270 4
1279 735 4
1280 735 4
1281 842 4
1282 1283 4
1284 922 4
1285 1004 4
1286 909 4
1287 1288 4
1289 1290 4
1289 841 4
1289 1291 4
1292 1049 4
1293 885 4
1294 772 4
1295 735 4
1296 842 4
1297 748 4
1297 1298 4
1299 1300 4
1301 1302 4
1303 932 4
1304 735 4
1305 1306 4
1307 1264 4
1308 822 4
1308 1309 4
1308 735 4
1310 783 4
1311 1312 4
1313 753 4
1314 961 4
1314 737 4
1314 735 4
1315 1288 4
1316 1317 4
1318 783 4
1319 1320 4
1321 744 4
1322 828 4
1322 751 4
1323 1324 4
1325 929 4
1326 753 4
1327 890 4
1328 1329 4
1328 755 4
1330 1004 4
1331 753 4
1332 922 4
1333 1264 4
1333 1334 4
1333 842 4
1335 744 4
1335 753 4
1335 907 4
1335 735 4
1336 888 4
1337 751 4
1338 1339 4
1340 852 4
1341 783 4
1342 751 4
1343 828 4
1344 735 4
1345 737 4
1346 1347 4
1348 785 4
1349 814 4
1350 785 4
1351 1352 4
1353 753 4
1354 888 4
1355 1356 4
1357 951 4
1358 764 4
1359 886 4
1360 1361 4
1362 735 4
1363 783 4
1364 1365 4
1366 842 4
1367 1049 4
1368 753 4
1369 735 4
1370 1371 4
1372 783 4
1373 1021 4
1374 753 4
1375 842 4
1376 748 4
1376 1298 4
1377 735 4
1378 1078 4
1379 1002 4
1380 841 4
1380 783 4
1381 744 4
1382 735 4
1383 1329 4
1383 755 4
1384 744 4
1385 751 4
1386 1387 4
1388 1083 4
1389 842 4
1389 735 4
1389 772 4
1390 785 4
1391 735 4
1392 842 4
1393 864 4
1394 772 4
1395 842 4
1396 1288 4
1397 932 4
1398 795 4
1399 758 4
1400 907 4
1401 1402 4
1403 961 4
1404 1025 4
1405 735 4
1406 927 4
1407 1371 4
1407 839 4
1408 753 4
1408 1108 4
1408 735 4
1409 783 4
1410 922 4
1411 1412 4
1411 842 4
1411 1164 4
1413 735 4
1414 942 4
1415 785 4
1416 735 4
1417 961 4
1418 907 4
1419 804 4
1419 1420 4
1419 735 4
1419 1421 4
1422 1423 4
1424 783 4
1425 911 4
1426 1034 4
1427 772 4
1428 735 4
1429 859 4
1429 1430 4
1431 898 4
1432 744 4
1433 1434 4
1435 927 4
1436 760 4
1437 1438 4
1437 1439 4
1437 1440 4
1441 735 4
1442 1049 4
1442 1443 4
1444 744 4
1445 1264 4
1446 735 4
1447 753 4
1447 1448 4
1449 929 4
1450 751 4
1451 898 4
1452 751 4
1453 1035 4
1453 1034 4
1454 753 4
1455 864 4
1456 1078 4
1457 1458 4
1457 1459 4
1460 753 4
1461 1197 4
1462 783 4
1463 1464 4
1465 1260 4
1466 753 4
1467 826 4
1468 842 4
1469 785 4
1470 1048 4
1470 735 4
1471 973 4
1472 828 4
1473 842 4
1474 735 4
1475 1288 4
1476 1477 4
1478 907 4
1479 1480 4
1481 1480 4
1482 841 4
1482 744 4
1482 842 4
1483 843 4
1484 760 4
1485 746 4
1486 735 4
1487 1488 4
1489 753 4
1490 937 4
1491 822 4
1492 760 4
1493 783 4
1493 758 4
1494 785 4
1495 1496 4
1497 1498 4
1499 760 4
1500 877 4
1500 888 4
1501 842 4
1502 977 4
1503 1197 4
1504 1505 4
1506 735 4
1507 1508 4
1509 842 4
1510 842 4
1511 1512 4
1513 843 4
1514 842 4
1515 1290 4
1516 753 4
1517 904 4
1518 795 4
1519 735 4
1520 783 4
1521 842 4
1522 753 4
1523 783 4
1524 744 4
1524 735 4
1525 1302 4
1525 1275 4
1525 1526 4
1527 748 4
1528 822 4
1529 1105 4
1530 842 4
1531 842 4
1532 1533 4
1534 1002 4
1535 753 4
1536 1537 4
1538 1539 4
1540 1156 4
1541 918 4
1542 1156 4
1543 744 4
1544 844 4
1544 783 4
1545 735 4
1546 836 4
1547 735 4
1548 932 4
1548 842 4
1549 1134 4
1550 1306 4
1551 1288 4
1552 755 4
1553 971 4
1554 1081 4
1555 922 4
1556 828 4
1556 1306 4
1557 1078 4
1558 935 4
1559 753 4
1560 1561 4
1560 735 4
1560 785 4
1560 1562 4
1563 781 4
1564 1565 4
1566 886 4
1567 753 4
1567 735 4
1568 753 4
1569 1361 4
1570 753 4
1571 814 4
1572 753 4
1573 1197 4
1574 751 4
1575 842 4
1576 1078 4
1577 864 4
1578 1579 4
1580 898 4
1581 1264 4
1581 1260 4
1582 1264 4
1582 735 4
1583 755 4
1584 842 4
1585 760 4
1586 1048 4
1586 1049 4
1587 735 4
1588 1589 4
1590 915 4
1591 1048 4
1592 1593 4
1594 842 4
1595 1288 4
1596 1025 4
1597 808 4
1598 802 4
1599 1329 4
1600 1290 4
1601 753 4
1602 753 4
1603 1604 5
1603 1605 5
1606 1607 5
1608 1609 5
1610 1611 5
1612 1613 5
1614 1615 5
1616 840 5
1617 1047 5
1618 1455 5
1619 1392 5
1620 181 6
662 459 6
662 1621 6
662 1622 6
662 1623 6
662 364 6
662 599 6
662 1624 6
662 1625 6
662 1626 6
662 296 6
662 621 6
662 1627 6
662 471 6
662 1628 6
662 1629 6
662 320 6
662 169 6
662 130 6
662 606 6
662 1630 6
162 329 6
162 402 6
164 181 6
1631 1628 6
170 171 6
1632 130 6
606 459 6
606 1633 6
606 1634 6
606 307 6
606 365 6
606 1628 6
606 320 6
1635 439 6
1636 181 6
1637 440 6
1638 181 6
1639 1623 6
1639 130 6
1640 212 6
1640 391 6
1640 320 6
436 1641 6
436 1642 6
436 219 6
436 1643 6
436 1644 6
436 647 6
436 338 6
436 351 6
436 437 6
436 479 6
436 232 6
436 188 6
436 629 6
436 1645 6
436 1646 6
436 658 6
436 438 6
436 439 6
436 628 6
436 181 6
436 440 6
436 396 6
436 638 6
436 441 6
436 615 6
1647 181 6
631 440 6
631 621 6
631 638 6
631 130 6
668 199 6
668 1648 6
668 219 6
668 1644 6
668 1649 6
668 316 6
668 1645 6
668 338 6
668 437 6
668 1646 6
668 403 6
668 181 6
668 396 6
668 436 6
1650 1651 6
1650 1652 6
1650 1653 6
1650 1654 6
1650 1655 6
1650 1656 6
1650 1623 6
1650 435 6
1650 185 6
1650 421 6
1650 296 6
1650 621 6
1650 355 6
1650 342 6
1650 491 6
1650 1657 6
1650 1628 6
1650 169 6
1650 130 6
1650 1658 6
1659 599 6
1659 296 6
1646 1645 6
1646 219 6
1646 1644 6
1646 181 6
1646 436 6
1646 638 6
1660 181 6
1661 338 6
1662 320 6
700 436 6
1663 584 6
1663 440 6
1663 410 6
1663 206 6
1664 400 6
1665 1625 6
1665 1626 6
1665 621 6
1665 169 6
1665 130 6
242 446 6
1666 1667 6
1666 140 6
1666 607 6
1666 199 6
1666 1668 6
1666 1658 6
1666 1629 6
1666 1669 6
1666 320 6
1666 206 6
1666 1670 6
1666 1645 6
1666 212 6
1666 1651 6
1666 1671 6
1666 1659 6
1666 1672 6
1666 601 6
1666 219 6
1666 1673 6
1666 1640 6
1666 1674 6
1666 1675 6
1666 1676 6
1666 1677 6
1666 1678 6
1666 1679 6
1666 232 6
1666 338 6
1666 342 6
1666 440 6
1666 347 6
1666 1657 6
1666 1663 6
1666 1680 6
1666 242 6
1666 508 6
1666 1681 6
1666 184 6
1666 598 6
1666 603 6
1666 165 6
1666 244 6
1666 245 6
1666 1682 6
1666 1683 6
1666 1684 6
1666 621 6
1666 1685 6
1666 599 6
1666 1686 6
1666 437 6
1666 257 6
1666 1646 6
1666 261 6
1666 606 6
1666 1687 6
1666 359 6
1666 1688 6
1666 436 6
1666 192 6
1666 698 6
1666 98 6
1666 1630 6
1666 1689 6
1666 1690 6
1666 1691 6
1666 1692 6
1666 188 6
1666 584 6
1666 169 6
1666 1623 6
1666 1693 6
1666 270 6
1666 1655 6
1666 376 6
1666 1694 6
1666 273 6
1666 274 6
1666 377 6
1666 1695 6
1666 1696 6
1666 1697 6
1666 1698 6
1666 387 6
1666 557 6
1666 130 6
1666 631 6
1666 1699 6
1666 662 6
1666 1700 6
1666 1628 6
1666 392 6
1666 1701 6
1666 1702 6
1666 397 6
1666 1703 6
1666 400 6
1666 1704 6
1666 1705 6
1666 291 6
1666 156 6
1666 668 6
1666 296 6
1666 1706 6
1666 407 6
1666 430 6
1666 410 6
1666 1707 6
1666 1708 6
1666 1709 6
1666 1710 6
1666 1711 6
1666 1712 6
1666 448 6
1666 1713 6
1666 1714 6
1666 1625 6
1666 421 6
1666 313 6
1699 1623 6
1699 1625 6
1699 1626 6
1699 296 6
1699 621 6
1699 169 6
1699 130 6
1699 1630 6
1676 410 6
1676 206 6
722 1651 6
722 1699 6
722 647 6
722 351 6
722 437 6
722 1715 6
722 435 6
722 232 6
722 1716 6
722 428 6
722 192 6
722 1655 6
722 1697 6
722 629 6
722 1717 6
722 1718 6
722 1719 6
722 525 6
722 1622 6
722 1623 6
722 662 6
722 1720 6
722 580 6
722 185 6
722 1721 6
722 584 6
722 1680 6
722 181 6
722 184 6
722 421 6
722 440 6
722 1625 6
722 347 6
722 54 6
722 257 6
722 1634 6
722 307 6
722 1626 6
722 391 6
722 296 6
722 190 6
722 621 6
722 638 6
722 98 6
722 355 6
722 464 6
722 342 6
722 1722 6
722 1657 6
722 1628 6
722 320 6
722 402 6
722 657 6
722 510 6
722 169 6
722 130 6
722 606 6
722 1723 6
722 407 6
722 1630 6
722 1658 6
722 193 6
479 181 6
1724 181 6
1673 181 6
